1               277.994370      14.482117       277.994370      0.052095        0.052095       
2               416.933328      35.380066       346.123637      0.050123        0.102218       
3               417.419080      56.296936       369.577071      0.050110        0.152328       
4               368.138915      74.745850       369.221059      0.050114        0.202442       
5               385.651476      94.072388       372.481302      0.050114        0.252556       
6               384.286134      113.326660      374.435539      0.050104        0.302660       
7               384.224227      132.576294      375.825757      0.050100        0.352760       
8               386.423191      151.934937      377.143593      0.050097        0.402857       
9               374.322881      170.684021      376.831671      0.050088        0.452945       
10              375.220100      189.477295      376.671209      0.050086        0.503031       
11              418.657008      210.445312      380.472980      0.050084        0.553115       
12              401.100358      230.531616      382.185497      0.050078        0.603193       
13              387.552157      249.939453      382.596890      0.050078        0.653271       
14              382.808249      269.110107      382.611939      0.050079        0.703350       
15              383.868072      288.333069      382.695429      0.050077        0.753427       
16              373.094730      307.016907      382.097071      0.050078        0.803505       
17              393.019018      326.698120      382.737827      0.050077        0.853582       
18              411.121668      347.286682      384.310800      0.050079        0.903661       
19              414.910160      368.072021      385.918029      0.050096        0.953757       
20              382.935769      387.250977      385.769237      0.050084        1.003841       
21              384.447519      406.507568      385.706421      0.050089        1.053930       
22              382.824432      425.682861      385.575666      0.050089        1.104019       
23              388.529062      445.125244      385.703728      0.050041        1.154060       
24              376.867657      464.001038      385.336195      0.050086        1.204146       
25              414.523633      484.764526      386.501844      0.050090        1.254236       
26              419.284033      505.765625      387.760729      0.050088        1.304324       
27              391.307365      525.366211      387.891893      0.050090        1.354414       
28              380.628921      544.431152      387.632878      0.050088        1.404502       
29              385.006451      563.716125      387.542435      0.050090        1.454592       
30              383.612129      582.931641      387.411595      0.050091        1.504683       
31              381.539184      602.042175      387.222411      0.050088        1.554771       
32              393.775202      621.768738      387.426957      0.050096        1.604867       
33              415.593784      642.592896      388.279753      0.050107        1.654974       
34              398.315783      662.542542      388.574555      0.050085        1.705059       
35              382.191751      681.684998      388.392411      0.050086        1.755145       
36              387.935047      701.115112      388.379721      0.050086        1.805231       
37              382.738246      720.285706      388.227418      0.050088        1.855319       
38              388.479319      739.743469      388.234040      0.050087        1.905406       
39              392.667588      759.411011      388.347599      0.050087        1.955493       
40              413.618280      780.129150      388.978741      0.050090        2.005583       
41              398.568539      800.092651      389.212404      0.050088        2.055671       
42              388.978029      819.576172      389.206829      0.050089        2.105760       
43              382.249862      838.723450      389.045184      0.050091        2.155851       
44              390.307318      858.295410      389.073874      0.050145        2.205996       
45              384.111105      877.524780      388.963750      0.050062        2.256058       
46              380.430012      896.580139      388.778399      0.050089        2.306147       
47              413.781829      917.306885      389.309944      0.050091        2.356238       
48              418.735681      938.280518      389.922445      0.050088        2.406326       
49              378.475484      957.237976      389.689029      0.050089        2.456415       
50              384.038954      976.474487      389.576118      0.050090        2.506505       
51              388.303298      995.924988      389.551180      0.050091        2.556596       
52              382.957252      1015.106934     389.424473      0.050089        2.606685       
53              383.533273      1034.318115     389.313403      0.050090        2.656775       
54              410.624070      1054.885864     389.707745      0.050089        2.706864       
55              405.390466      1075.191467     389.992672      0.050089        2.756953       
56              394.851186      1095.788879     390.082894      0.052165        2.809118       
57              386.887124      1115.161865     390.026926      0.050074        2.859192       
58              383.936954      1134.392883     389.922075      0.050089        2.909281       
59              385.640852      1153.708862     389.849614      0.050088        2.959369       
60              385.806140      1173.032349     389.782319      0.050086        3.009455       
61              394.960458      1192.815918     389.867094      0.050090        3.059545       
62              407.994857      1213.252380     390.159096      0.050090        3.109635       
63              408.878277      1233.733093     390.455844      0.050090        3.159725       
64              385.085566      1253.020874     390.372045      0.050087        3.209812       
65              384.564984      1272.284119     390.282815      0.050091        3.259903       
66              388.369981      1291.737183     390.253868      0.050089        3.309992       
67              384.607549      1310.993713     390.169733      0.050068        3.360060       
68              385.664835      1330.311279     390.103564      0.050089        3.410149       
69              400.634527      1350.378662     390.256006      0.050089        3.460238       
70              369.248682      1368.874329     389.956246      0.050090        3.510328       
71              331.903643      1385.498718     389.139561      0.050088        3.560416       
72              367.405029      1403.902771     388.838017      0.050092        3.610508       
73              382.899315      1423.082581     388.756753      0.050091        3.660599       
74              385.770457      1442.405823     388.716441      0.050090        3.710689       
75              380.754142      1461.477417     388.610393      0.050089        3.760778       
76              403.594346      1481.693054     388.807338      0.050089        3.810867       
77              406.774319      1502.068787     389.040437      0.050091        3.860958       
78              396.877168      1521.949158     389.140808      0.050092        3.911050       
79              394.391441      1543.249451     389.212327      0.054008        3.965058       
80              384.682616      1562.512817     389.155833      0.050076        4.015134       
81              384.333663      1581.759094     389.096432      0.050077        4.065211       
82              377.199459      1600.653015     388.951626      0.050090        4.115301       
83              397.190949      1620.547913     389.050704      0.050089        4.165390       
84              385.450439      1639.855896     389.007923      0.050092        4.215482       
85              334.332812      1656.601624     388.365919      0.050087        4.265569       
86              339.115612      1673.587585     387.794303      0.050089        4.315658       
87              372.181596      1692.241699     387.615062      0.050121        4.365779       
88              380.340777      1711.292969     387.532549      0.050090        4.415869       
89              391.427495      1730.899963     387.576235      0.050091        4.465960       
90              376.282737      1749.748718     387.450968      0.050092        4.516052       
91              417.946613      1770.684082     387.785508      0.050091        4.566143       
92              415.360307      1791.486572     388.084676      0.050083        4.616226       
93              382.849689      1810.663513     388.028482      0.050090        4.666316       
94              382.062848      1829.800659     387.965126      0.050089        4.716405       
95              386.393518      1849.154724     387.948610      0.050089        4.766494       
96              383.970668      1869.360413     387.905173      0.052623        4.819117       
97              379.722165      1888.375000     387.821018      0.050075        4.869192       
98              418.717233      1909.347290     388.135597      0.050087        4.919279       
99              391.022234      1928.933594     388.164693      0.050090        4.969369       
100             349.764711      1946.453308     387.781494      0.050090        5.019459       
101             367.548888      1964.863464     387.581588      0.050089        5.069548       
102             386.469876      1984.220581     387.570712      0.050087        5.119635       
103             392.971166      2003.904114     387.623036      0.050089        5.169724       
104             376.698270      2022.771423     387.518209      0.050086        5.219810       
105             403.637190      2042.990417     387.671425      0.050092        5.269902       
106             409.696598      2063.512939     387.878810      0.050092        5.319994       
107             360.987224      2081.586487     387.628090      0.050067        5.370061       
108             356.031100      2099.419373     387.336100      0.050088        5.420149       
109             383.342993      2118.619873     387.299538      0.050087        5.470236       
110             390.692507      2138.189270     387.330324      0.050089        5.520325       
111             383.715530      2157.408813     387.297820      0.050088        5.570413       
112             388.393576      2176.862671     387.307585      0.050088        5.620501       
113             417.974082      2197.798157     387.578461      0.050088        5.670589       
114             374.162190      2216.538818     387.460996      0.050087        5.720676       
115             345.242021      2233.832336     387.094529      0.050091        5.770767       
116             387.819990      2253.258240     387.100772      0.050090        5.820857       
117             382.747642      2273.261780     387.062035      0.052263        5.873120       
118             387.912570      2292.686890     387.069226      0.050076        5.923196       
119             371.857625      2311.312866     386.941669      0.050089        5.973285       
120             421.856194      2332.441956     387.231993      0.050086        6.023371       
121             397.590594      2352.357666     387.317426      0.050091        6.073462       
122             353.084364      2370.042603     387.037419      0.050087        6.123549       
123             381.879788      2389.169434     386.995576      0.050086        6.173635       
124             381.366452      2408.270935     386.950274      0.050087        6.223722       
125             391.618701      2428.399353     386.988512      0.051398        6.275120       
126             384.323590      2447.649353     386.967409      0.050088        6.325208       
127             406.315333      2468.001282     387.119421      0.050089        6.375297       
128             400.204523      2488.046326     387.221421      0.050087        6.425384       
129             354.578057      2505.807495     386.968909      0.050091        6.475475       
130             362.508146      2523.972778     386.781075      0.050110        6.525585       
131             393.737624      2543.694702     386.834065      0.050089        6.575674       
132             381.052387      2562.781616     386.790356      0.050090        6.625764       
133             388.651462      2582.248779     386.804320      0.050089        6.675853       
134             383.964980      2601.481201     386.783175      0.050089        6.725942       
135             413.877823      2622.212341     386.983465      0.050090        6.776032       
136             365.399621      2640.519958     386.825042      0.050103        6.826135       
137             360.092314      2658.559143     386.630284      0.050096        6.876231       
138             374.951137      2677.338196     386.545832      0.050084        6.926315       
139             384.208187      2696.582031     386.529049      0.050087        6.976402       
140             390.056642      2716.118408     386.554194      0.050086        7.026488       
141             381.326540      2735.217529     386.517195      0.050086        7.076574       
142             422.521648      2756.380371     386.770238      0.050087        7.126661       
143             390.973529      2775.962280     386.799572      0.050085        7.176746       
144             349.166620      2793.450989     386.538749      0.050087        7.226833       
145             386.470286      2812.808899     386.538278      0.050089        7.276922       
146             379.422121      2831.812256     386.489634      0.050085        7.327007       
147             386.457215      2851.155212     386.489414      0.050052        7.377059       
148             389.608479      2870.669922     386.510449      0.050088        7.427147       
149             407.280833      2891.069397     386.649582      0.050087        7.477234       
150             396.952739      2910.951172     386.718138      0.050086        7.527320       
151             350.284750      2928.497986     386.477283      0.050093        7.577413       
152             363.075495      2946.690247     386.323554      0.050106        7.627519       
153             385.348016      2965.991943     386.317189      0.050089        7.677608       
154             388.793714      2985.465454     386.333241      0.050087        7.727695       
155             385.412530      3004.769226     386.327312      0.050086        7.777781       
156             389.991850      3024.303528     386.350761      0.050089        7.827870       
157             416.195428      3045.150757     386.540520      0.050090        7.877960       
158             374.798652      3063.925171     386.466331      0.050092        7.928052       
159             348.278631      3081.369751     386.226583      0.050088        7.978140       
160             381.734154      3100.490051     386.198555      0.050088        8.028228       
161             381.926058      3119.620728     386.172063      0.050090        8.078318       
162             392.484801      3139.279114     386.210962      0.050087        8.128405       
163             341.666971      3156.391846     385.938169      0.050086        8.178491       
164             450.895602      3178.975403     386.333555      0.050086        8.228577       
165             399.602980      3198.991516     386.413841      0.050090        8.278667       
166             363.360672      3217.191162     386.275205      0.050087        8.328754       
167             384.116436      3236.430786     386.262300      0.050088        8.378842       
168             383.960106      3255.662964     386.248620      0.050089        8.428931       
169             383.174829      3274.855042     386.230462      0.050087        8.479018       
170             383.319369      3294.037109     386.213382      0.050042        8.529060       
171             408.420584      3314.494080     386.343035      0.050088        8.579148       
172             390.048953      3334.050354     386.364568      0.050138        8.629286       
173             359.366295      3352.050293     386.208763      0.050088        8.679374       
174             353.614172      3370.347351     386.015598      0.051743        8.731117       
175             382.290590      3389.491699     385.994355      0.050078        8.781195       
176             385.046948      3408.777161     385.988982      0.050086        8.831281       
177             383.183020      3427.970032     385.973157      0.050088        8.881369       
178             382.325476      3447.119568     385.952701      0.050087        8.931456       
179             416.560619      3469.473877     386.135508      0.053664        8.985120       
180             400.071689      3489.508667     386.212750      0.050078        9.035198       
181             375.304858      3508.307312     386.152613      0.050089        9.085287       
182             390.476826      3527.865906     386.176322      0.050089        9.135376       
183             376.079845      3546.703369     386.121265      0.050089        9.185465       
184             386.508874      3566.063599     386.123368      0.050090        9.235555       
185             388.443093      3585.520325     386.135881      0.050089        9.285644       
186             388.483304      3604.979065     386.148475      0.050089        9.335733       
187             369.972627      3623.510254     386.062152      0.050088        9.385821       
188             328.991080      3639.989746     385.759187      0.050091        9.435912       
189             355.781712      3657.810852     385.600894      0.050090        9.486002       
190             380.523521      3676.858337     385.574242      0.050056        9.536058       
191             384.086476      3696.097229     385.566468      0.050090        9.586148       
192             390.177545      3715.640442     385.590436      0.050088        9.636236       
193             397.746053      3735.561951     385.653290      0.050086        9.686322       
194             408.976611      3756.047180     385.773277      0.050089        9.736411       
195             394.689217      3775.815979     385.818909      0.050087        9.786498       
196             389.567694      3795.327087     385.837996      0.050084        9.836582       
197             388.398450      3814.781189     385.850968      0.050088        9.886670       
198             387.978831      3834.214661     385.861694      0.050089        9.936759       
199             381.983643      3853.347839     385.842244      0.050089        9.986848       
200             403.495645      3873.558533     385.930342      0.050089        10.036937      
201             401.181649      3893.653320     386.006076      0.050089        10.087026      
202             355.220614      3911.451294     385.853915      0.050104        10.137130      
203             352.144556      3929.088806     385.688181      0.050086        10.187216      
204             372.897034      3947.766846     385.625596      0.050089        10.237305      
205             379.528829      3966.776306     385.595913      0.050087        10.287392      
206             391.815484      3986.402344     385.626049      0.050090        10.337482      
207             379.574183      4005.413696     385.596869      0.050086        10.387568      
208             413.997237      4026.150818     385.733161      0.050090        10.437658      
209             413.900175      4046.881836     385.867680      0.050087        10.487745      
210             371.587217      4065.493896     385.799803      0.050088        10.537833      
211             387.002397      4084.877686     385.805492      0.050087        10.587920      
212             380.889693      4103.955688     385.782347      0.050088        10.638008      
213             380.653925      4123.008179     385.758330      0.050052        10.688060      
214             384.817954      4142.283325     385.753944      0.050089        10.738149      
215             399.727289      4162.313660     385.818848      0.050110        10.788259      
216             377.775814      4181.236450     385.781677      0.050090        10.838349      
217             330.755760      4197.803345     385.528552      0.050088        10.888437      
218             340.402197      4214.854431     385.321904      0.050091        10.938528      
219             374.992045      4233.636658     385.274819      0.050087        10.988615      
220             388.570713      4253.098999     385.289774      0.050087        11.038702      
221             384.328826      4272.348877     385.285434      0.050087        11.088789      
222             376.286606      4291.199707     385.244961      0.050097        11.138886      
223             422.063427      4312.354370     385.409892      0.050122        11.189008      
224             373.237602      4331.034912     385.355687      0.050050        11.239058      
225             420.405243      4352.092590     385.511199      0.050089        11.289147      
226             390.361548      4371.645020     385.532624      0.050088        11.339235      
227             377.679249      4390.561462     385.498087      0.050086        11.389321      
228             388.779408      4410.035034     385.512455      0.050089        11.439410      
229             385.933306      4429.365662     385.514290      0.050088        11.489498      
230             419.221726      4450.363220     385.660595      0.050087        11.539585      
231             378.977265      4469.346191     385.631710      0.050090        11.589675      
232             343.490150      4486.551270     385.450364      0.050089        11.639764      
233             368.876984      4505.028687     385.379347      0.050091        11.689855      
234             383.442229      4524.234924     385.371082      0.050089        11.739944      
235             384.476640      4543.491821     385.367282      0.050086        11.790030      
236             391.698494      4563.116699     385.394073      0.050102        11.840132      
237             401.837424      4583.243530     385.463340      0.050087        11.890219      
238             408.044433      4603.682068     385.558067      0.050089        11.940308      
239             370.099280      4622.219971     385.493489      0.050089        11.990397      
240             374.629958      4640.984436     385.448297      0.050088        12.040485      
241             391.617578      4660.600952     385.473856      0.050091        12.090576      
242             387.135223      4679.991394     385.480710      0.050087        12.140663      
243             376.456782      4698.846985     385.443634      0.050087        12.190750      
244             396.250841      4718.694397     385.487856      0.050088        12.240838      
245             404.109030      4738.936218     385.563744      0.050090        12.290928      
246             364.626811      4757.199646     385.478768      0.050088        12.341016      
247             353.536291      4774.891663     385.349764      0.050043        12.391059      
248             372.782361      4793.564331     385.299166      0.050090        12.441149      
249             382.974312      4812.747131     385.289843      0.050089        12.491238      
250             383.069694      4831.934326     385.280976      0.050088        12.541326      
251             380.181431      4850.977234     385.260690      0.050089        12.591415      
252             417.138353      4871.871277     385.386998      0.050089        12.641504      
253             410.031518      4892.408936     385.484259      0.050088        12.691592      
254             377.269356      4911.305603     385.451966      0.050088        12.741680      
255             382.204837      4930.449097     385.439251      0.050087        12.791767      
256             385.339868      4949.750000     385.438864      0.050088        12.841855      
257             382.789425      4968.923157     385.428570      0.050088        12.891943      
258             380.064077      4988.429565     385.407298      0.051324        12.943267      
259             400.602875      5008.510986     385.465922      0.050128        12.993395      
260             371.175758      5027.119141     385.410998      0.050133        13.043528      
261             311.552844      5043.802795     385.109014      0.053550        13.097078      
262             365.722598      5062.132446     385.035110      0.050119        13.147197      
263             379.886173      5081.178040     385.015550      0.050135        13.197332      
264             385.205336      5100.482605     385.016268      0.050115        13.247447      
265             391.972814      5120.132202     385.042493      0.050130        13.297577      
266             388.441085      5140.141968     385.055608      0.051513        13.349090      
267             410.390550      5160.719360     385.150414      0.050141        13.399231      
268             405.532863      5181.343140     385.227481      0.050856        13.450087      
269             385.431234      5200.662109     385.228238      0.050123        13.500210      
270             389.428533      5220.198181     385.243788      0.050166        13.550376      
271             384.172482      5239.453674     385.239840      0.050122        13.600498      
272             392.795242      5259.141357     385.267582      0.050122        13.650620      
273             380.390761      5278.340820     385.249616      0.050473        13.701093      
274             408.600047      5298.827209     385.334754      0.050138        13.751231      
275             379.918372      5317.873657     385.315079      0.050133        13.801364      
276             341.446991      5335.873718     385.148154      0.052717        13.854081      
277             370.471131      5354.434692     385.095268      0.050101        13.904182      
278             393.840261      5374.171997     385.126674      0.050115        13.954297      
279             386.359931      5393.536743     385.131088      0.050121        14.004418      
280             377.458486      5412.452698     385.103730      0.050114        14.054532      
281             412.280837      5433.112915     385.200287      0.050112        14.104644      
282             399.832463      5453.149719     385.252090      0.050113        14.154757      
283             371.144100      5471.829773     385.202103      0.050331        14.205088      
284             375.771761      5490.670593     385.168934      0.050139        14.255227      
285             385.213184      5509.977478     385.169089      0.050120        14.305347      
286             392.463848      5529.647766     385.194558      0.050120        14.355467      
287             380.251569      5548.704834     385.177361      0.050117        14.405584      
288             403.138677      5569.872437     385.242591      0.052507        14.458091      
289             393.967700      5589.612976     385.272725      0.050107        14.508198      
290             335.362546      5607.680298     385.088077      0.053874        14.562072      
291             369.563688      5626.201721     385.034831      0.050117        14.612189      
292             386.614021      5645.584229     385.040231      0.050134        14.662323      
293             379.565384      5664.607666     385.021580      0.050119        14.712442      
294             386.603482      5683.984619     385.026951      0.050121        14.762563      
295             386.754089      5703.526917     385.032842      0.050529        14.813092      
296             414.387810      5724.304321     385.131869      0.050140        14.863232      
297             408.391151      5746.295776     385.215833      0.053849        14.917081      
298             376.267126      5765.147888     385.185877      0.050103        14.967184      
299             373.772761      5783.885864     385.147776      0.050132        15.017316      
300             390.915354      5803.492615     385.166975      0.050156        15.067472      
301             381.403663      5822.608948     385.154498      0.050121        15.117593      
302             386.765253      5842.914124     385.160073      0.052500        15.170093      
303             399.372374      5862.939453     385.206894      0.050142        15.220235      
304             371.499230      5881.560852     385.161899      0.050125        15.270360      
305             321.686069      5898.520142     384.943506      0.052720        15.323080      
306             351.401286      5916.129211     384.834171      0.050111        15.373191      
307             383.820370      5935.368591     384.830876      0.050126        15.423317      
308             389.637466      5954.894104     384.846443      0.050112        15.473429      
309             384.636323      5974.171692     384.845764      0.050119        15.523548      
310             404.479998      5994.443420     384.908950      0.050118        15.573666      
311             415.829866      6015.278992     385.008114      0.050106        15.623772      
312             390.838258      6035.726868     385.027572      0.052318        15.676090      
313             390.284638      6055.295349     385.044333      0.050139        15.726229      
314             384.665522      6074.578247     385.043129      0.050129        15.776358      
315             394.996257      6094.375854     385.074650      0.050121        15.826479      
316             379.827887      6113.413208     385.058086      0.050121        15.876600      
317             401.467476      6134.085571     385.111134      0.051492        15.928092      
318             391.444695      6153.707520     385.131004      0.050127        15.978219      
319             348.764067      6172.495789     385.008804      0.053871        16.032090      
320             347.142704      6189.892151     384.890811      0.050113        16.082203      
321             378.857708      6208.885803     384.872062      0.050134        16.132337      
322             385.567944      6228.210083     384.874217      0.050119        16.182456      
323             387.420018      6247.631836     384.882079      0.050131        16.232587      
324             357.141475      6266.734619     384.790971      0.053488        16.286075      
325             446.579818      6289.122559     384.980587      0.050132        16.336207      
326             405.191854      6309.432800     385.042412      0.050125        16.386332      
327             381.368763      6329.548096     385.030625      0.052745        16.439077      
328             389.630456      6349.079102     385.044609      0.050127        16.489204      
329             374.952511      6367.873596     385.014023      0.050125        16.539329      
330             382.181286      6387.026611     385.005466      0.050115        16.589444      
331             381.917517      6407.133423     384.995697      0.052647        16.642091      
332             409.129363      6427.644714     385.068181      0.050134        16.692225      
333             367.736573      6446.078613     385.016289      0.050128        16.742353      
334             330.364875      6463.171692     384.847916      0.051740        16.794093      
335             346.271626      6480.534790     384.733080      0.050143        16.844236      
336             379.337380      6499.552490     384.717068      0.050134        16.894370      
337             392.072466      6519.206299     384.738828      0.050128        16.944498      
338             387.065783      6538.607971     384.745691      0.050125        16.994623      
339             390.707202      6559.495178     384.764385      0.053460        17.048083      
340             421.443777      6580.614990     384.871889      0.050113        17.098196      
341             370.928521      6600.598022     384.828094      0.053873        17.152069      
342             412.129506      6621.250244     384.907625      0.050111        17.202180      
343             391.107657      6640.875244     384.925657      0.050178        17.252358      
344             386.219010      6660.229065     384.929403      0.050111        17.302469      
345             386.421625      6679.596130     384.933713      0.050119        17.352588      
346             395.532793      6699.967651     384.965079      0.051504        17.404092      
347             393.911911      6719.715637     384.990777      0.050133        17.454225      
348             346.936614      6737.362915     384.880199      0.050866        17.505091      
349             347.760006      6754.795776     384.774203      0.050129        17.555220      
350             374.266901      6773.558899     384.744282      0.050133        17.605353      
351             385.058812      6792.856506     384.745175      0.050116        17.655469      
352             386.241808      6812.215332     384.749411      0.050121        17.705590      
353             352.211755      6831.052673     384.651421      0.053483        17.759073      
354             448.236215      6853.516479     384.830352      0.050116        17.809189      
355             416.229594      6874.381653     384.918486      0.050129        17.859318      
356             388.575441      6894.495483     384.929055      0.051763        17.911081      
357             373.828914      6913.229919     384.898084      0.050115        17.961196      
358             379.837074      6932.271912     384.883997      0.050132        18.011328      
359             391.223429      6951.879639     384.901588      0.050119        18.061447      
360             351.793820      6970.744934     384.803580      0.053626        18.115073      
361             427.237569      6992.156372     384.920651      0.050116        18.165189      
362             371.214817      7010.766113     384.882930      0.050132        18.215321      
363             327.853231      7027.407288     384.724455      0.050758        18.266079      
364             352.685188      7045.082458     384.636790      0.050116        18.316195      
365             373.904567      7063.823303     384.607502      0.050122        18.366317      
366             385.636141      7083.151001     384.610301      0.050119        18.416436      
367             391.914822      7102.794556     384.630127      0.050122        18.466558      
368             390.345273      7122.520264     384.645724      0.050534        18.517092      
369             411.871652      7143.169861     384.719241      0.050136        18.567228      
370             374.988057      7163.360718     384.691103      0.053844        18.621072      
371             419.251945      7184.371948     384.783869      0.050116        18.671188      
372             384.121563      7203.629883     384.782095      0.050135        18.721323      
373             389.009768      7223.127441     384.793383      0.050121        18.771444      
374             383.558746      7242.352173     384.790095      0.050122        18.821566      
375             398.132893      7262.467041     384.825816      0.050523        18.872089      
376             400.789369      7282.559814     384.868110      0.050133        18.922222      
377             365.928111      7301.907166     384.815336      0.052872        18.975094      
378             349.251248      7319.411987     384.721644      0.050121        19.025215      
379             379.084989      7338.414001     384.706832      0.050126        19.075341      
380             388.278103      7357.872559     384.716190      0.050115        19.125456      
381             382.952844      7377.071899     384.711579      0.050135        19.175591      
382             357.785335      7395.139343     384.640857      0.050498        19.226089      
383             426.837026      7416.537964     384.750599      0.050133        19.276222      
384             412.729104      7437.227661     384.823170      0.050129        19.326351      
385             380.433025      7456.528931     384.811676      0.050735        19.377086      
386             383.265487      7475.749695     384.807684      0.050150        19.427236      
387             382.547308      7494.920288     384.801868      0.050113        19.477349      
388             387.547184      7514.345703     384.808915      0.050124        19.527473      
389             380.060867      7533.395874     384.796759      0.050124        19.577597      
390             402.605501      7553.572449     384.842230      0.050115        19.627712      
391             372.612426      7572.248901     384.811078      0.050123        19.677835      
392             332.399230      7589.287354     384.674905      0.051259        19.729094      
393             342.952492      7606.480591     384.569154      0.050133        19.779227      
394             380.020683      7625.528748     384.557656      0.050124        19.829351      
395             379.867656      7644.570374     384.545830      0.050127        19.879478      
396             386.310790      7663.930725     384.550269      0.050116        19.929594      
397             391.771785      7684.498352     384.569242      0.052499        19.982093      
398             417.610181      7705.437744     384.651944      0.050141        20.032234      
399             400.571478      7727.008118     384.694623      0.053849        20.086083      
400             389.645709      7746.533264     384.706944      0.050110        20.136193      
401             399.476273      7766.556213     384.743616      0.050123        20.186316      
402             381.126042      7785.660156     384.734655      0.050125        20.236441      
403             389.544721      7805.182190     384.746538      0.050115        20.286556      
404             387.222850      7825.525330     384.752934      0.052536        20.339092      
405             402.583728      7845.712891     384.796787      0.050145        20.389237      
406             347.974059      7863.155090     384.706484      0.050125        20.439362      
407             323.684990      7880.538269     384.546571      0.053704        20.493066      
408             390.780226      7900.114014     384.561772      0.050094        20.543160      
409             380.079631      7919.167786     384.550861      0.050131        20.593291      
410             385.329328      7938.481262     384.552751      0.050122        20.643413      
411             371.130240      7957.079712     384.520246      0.050113        20.693526      
412             421.757776      7978.219055     384.610222      0.050122        20.743648      
413             414.146780      7998.978577     384.681423      0.050126        20.793774      
414             392.781038      8018.737427     384.700971      0.050305        20.844079      
415             389.651791      8038.311584     384.712874      0.050235        20.894314      
416             387.866138      8057.754150     384.720421      0.050127        20.944441      
417             381.251126      8076.861694     384.712139      0.050118        20.994559      
418             376.940292      8095.750549     384.693633      0.050111        21.044670      
419             397.988237      8116.045959     384.725770      0.050995        21.095665      
420             378.473486      8135.019592     384.710947      0.050132        21.145797      
421             340.698499      8152.834717     384.602380      0.052290        21.198087      
422             341.454483      8169.950806     384.500589      0.050127        21.248214      
423             378.055851      8188.901611     384.485421      0.050127        21.298341      
424             383.757784      8208.131714     384.483713      0.050110        21.348451      
425             386.407432      8227.500000     384.488219      0.050124        21.398575      
426             391.885721      8247.295715     384.505641      0.050514        21.449089      
427             410.474663      8267.878967     384.566211      0.050145        21.499234      
428             399.174472      8287.905151     384.600221      0.050169        21.549403      
429             376.963376      8307.907959     384.581462      0.053063        21.602466      
430             407.472306      8328.325989     384.634437      0.050109        21.652575      
431             387.524106      8347.749084     384.641110      0.050121        21.702696      
432             383.903840      8366.994568     384.639411      0.050131        21.752827      
433             382.454919      8386.216370     384.634376      0.050259        21.803086      
434             410.900978      8406.815247     384.694631      0.050131        21.853217      
435             388.802346      8426.305908     384.704032      0.050130        21.903347      
436             335.218231      8443.982971     384.585180      0.052733        21.956080      
437             365.533784      8462.301697     384.541794      0.050115        22.006195      
438             387.959544      8481.748169     384.549561      0.050125        22.056320      
439             388.183448      8501.202759     384.557799      0.050117        22.106437      
440             384.796437      8520.490295     384.558339      0.050124        22.156561      
441             405.347688      8541.508789     384.606879      0.051853        22.208414      
442             408.115272      8561.954956     384.659791      0.050099        22.258513      
443             380.040105      8582.317505     384.648697      0.053580        22.312093      
444             376.020116      8601.161377     384.629360      0.050114        22.362207      
445             382.748750      8620.348572     384.625154      0.050130        22.412337      
446             386.714697      8639.731873     384.629817      0.050123        22.462460      
447             390.105008      8659.283936     384.642006      0.050120        22.512580      
448             393.835529      8679.965027     384.663401      0.052512        22.565092      
449             382.767447      8699.151245     384.659198      0.050125        22.615217      
450             340.123759      8717.134949     384.555318      0.052874        22.668091      
451             346.098463      8734.482788     384.470470      0.050124        22.718215      
452             358.456885      8752.450439     384.413200      0.050125        22.768340      
453             396.956854      8772.345520     384.440751      0.050119        22.818459      
454             379.785265      8791.380737     384.430548      0.050121        22.868580      
455             394.949089      8812.121094     384.454647      0.052514        22.921094      
456             412.843706      8832.820251     384.516610      0.050138        22.971232      
457             397.093320      8853.017212     384.544395      0.050862        23.022094      
458             395.673665      8872.843628     384.568566      0.050108        23.072202      
459             392.414793      8892.509888     384.585572      0.050116        23.122318      
460             388.619404      8912.009644     384.594306      0.050177        23.172495      
461             382.874713      8931.199707     384.590595      0.050121        23.222616      
462             388.943885      8951.997314     384.600596      0.053472        23.276088      
463             402.529760      8972.170898     384.639117      0.050117        23.326205      
464             368.830331      8990.657043     384.605222      0.050121        23.376326      
465             327.228402      9007.920959     384.476020      0.052758        23.429084      
466             350.627830      9025.489868     384.403784      0.050107        23.479191      
467             380.192275      9044.545105     384.394813      0.050120        23.529311      
468             388.492454      9064.014404     384.403522      0.050115        23.579426      
469             384.702565      9083.296082     384.404156      0.050121        23.629547      
470             405.416766      9103.612732     384.448625      0.050113        23.679660      
471             409.869364      9124.170959     384.502357      0.050158        23.729818      
472             396.014626      9144.079407     384.526695      0.050272        23.780090      
473             390.903788      9163.677368     384.540111      0.050135        23.830225      
474             384.474729      9182.950317     384.539974      0.050128        23.880353      
475             389.381105      9202.461426     384.550111      0.050108        23.930461      
476             390.292289      9222.022095     384.562111      0.050118        23.980579      
477             396.133983      9242.823486     384.587395      0.052511        24.033090      
478             391.128513      9262.433105     384.601013      0.050136        24.083226      
479             326.154455      9279.995544     384.470625      0.053847        24.137073      
480             363.478129      9298.212341     384.427127      0.050118        24.187191      
481             371.654897      9316.846375     384.400706      0.050138        24.237329      
482             388.405540      9336.311707     384.408970      0.050116        24.287445      
483             387.553885      9355.741333     384.415448      0.050134        24.337579      
484             364.004380      9375.214111     384.370681      0.053496        24.391075      
485             434.335729      9396.983887     384.473145      0.050122        24.441197      
486             409.972062      9417.530457     384.525324      0.050117        24.491314      
487             390.269181      9438.122620     384.537672      0.052764        24.544078      
488             381.244719      9457.228699     384.530962      0.050115        24.594193      
489             383.954820      9476.475586     384.529790      0.050128        24.644321      
490             382.414972      9495.643372     384.525498      0.050123        24.694444      
491             380.312203      9515.666809     384.516534      0.052650        24.747094      
492             410.212687      9536.233643     384.568488      0.050137        24.797231      
493             364.316185      9554.494263     384.527635      0.050123        24.847354      
494             328.222704      9572.130981     384.406134      0.053734        24.901088      
495             354.904567      9589.914185     384.346889      0.050107        24.951195      
496             379.325729      9608.930542     384.336821      0.050132        25.001327      
497             393.276373      9628.639587     384.354705      0.050115        25.051442      
498             385.829424      9647.978516     384.357649      0.050123        25.101565      
499             400.964108      9668.071228     384.390735      0.050111        25.151676      
500             406.781272      9688.455444     384.435256      0.050111        25.201787      
501             400.757433      9709.015503     384.468416      0.051303        25.253090      
502             390.670286      9728.602539     384.480704      0.050137        25.303227      
503             384.719723      9747.886230     384.481177      0.050124        25.353351      
504             388.802615      9767.374573     384.489704      0.050124        25.403475      
505             391.460187      9786.993774     384.503428      0.050118        25.453593      
506             390.480626      9807.100403     384.515496      0.051492        25.505085      
507             395.729825      9826.944275     384.537501      0.050145        25.555230      
508             355.793033      9845.750427     384.478170      0.052857        25.608087      
509             335.884528      9862.586975     384.383237      0.050126        25.658213      
510             379.821386      9881.626282     384.374342      0.050127        25.708340      
511             384.379469      9900.888306     384.374352      0.050112        25.758452      
512             382.937369      9920.082275     384.371562      0.050123        25.808575      
513             377.757574      9939.165833     384.358641      0.050518        25.859093      
514             415.973780      9960.042725     384.419881      0.050188        25.909281      
515             411.846372      9980.688171     384.472843      0.050129        25.959410      
516             386.931255      10001.455933    384.477916      0.053673        26.013083      
517             381.798347      10020.584412    384.472765      0.050101        26.063184      
518             382.617295      10039.759277    384.469204      0.050115        26.113299      
519             387.310532      10059.173218    384.474647      0.050125        26.163424      
520             378.425850      10079.101501    384.462497      0.052661        26.216085      
521             403.074297      10099.309631    384.498022      0.050135        26.266220      
522             372.152402      10117.966003    384.474504      0.050131        26.316351      
523             333.254962      10135.541870    384.372062      0.052740        26.369091      
524             349.253684      10153.053101    384.305413      0.050139        26.419230      
525             372.609735      10171.730164    384.283265      0.050125        26.469355      
526             383.335025      10190.943298    384.281473      0.050121        26.519476      
527             392.457236      10210.613647    384.296896      0.050121        26.569597      
528             395.629029      10231.379028    384.319238      0.052487        26.622084      
529             412.740641      10252.070129    384.372656      0.050131        26.672215      
530             393.724147      10272.886719    384.391157      0.052871        26.725086      
531             392.152705      10292.549255    384.405691      0.050140        26.775226      
532             387.389158      10311.969849    384.411267      0.050132        26.825358      
533             387.319147      10331.381897    384.416689      0.050119        26.875477      
534             384.833174      10350.673584    384.417465      0.050130        26.925607      
535             379.087200      10370.608643    384.407075      0.052587        26.978194      
536             421.208312      10391.728027    384.475345      0.050140        27.028334      
537             362.767556      10411.230774    384.432252      0.053761        27.082095      
538             346.139946      10428.575500    384.361532      0.050109        27.132204      
539             377.547742      10447.503479    384.348965      0.050134        27.182338      
540             393.162570      10467.207214    384.365185      0.050116        27.232454      
541             385.269057      10486.526917    384.366846      0.050146        27.282600      
542             383.036025      10507.016663    384.364242      0.053493        27.336093      
543             415.782898      10527.855286    384.421741      0.050119        27.386212      
544             398.048007      10547.805054    384.446632      0.050119        27.436331      
545             355.187736      10566.183533    384.391556      0.051743        27.488074      
546             389.905076      10585.719727    384.401588      0.050105        27.538179      
547             383.035457      10604.917847    384.399106      0.050121        27.588300      
548             394.087706      10624.669128    384.416675      0.050119        27.638419      
549             380.303284      10644.698181    384.408851      0.052666        27.691085      
550             414.306363      10665.467773    384.462879      0.050131        27.741216      
551             389.171707      10684.979675    384.471374      0.050137        27.791353      
552             336.577591      10702.729431    384.380664      0.052736        27.844089      
553             367.893239      10721.175598    384.351028      0.050140        27.894229      
554             385.855122      10740.519287    384.353727      0.050132        27.944361      
555             382.508002      10759.694031    384.350421      0.050129        27.994490      
556             387.789687      10779.147888    384.356574      0.050166        28.044656      
557             406.540022      10800.866882    384.398752      0.053424        28.098080      
558             403.073911      10821.066528    384.432000      0.050114        28.148194      
559             375.179777      10840.534607    384.414976      0.051890        28.200084      
560             368.993122      10859.031494    384.387611      0.050128        28.250212      
561             394.849630      10878.822937    384.406141      0.050124        28.300336      
562             389.217367      10898.335571    384.414648      0.050133        28.350469      
563             386.824718      10917.722839    384.418901      0.050119        28.400588      
564             368.735334      10937.443542    384.389423      0.053482        28.454070      
565             421.643857      10958.574646    384.454923      0.050116        28.504186      
566             353.147386      10977.257202    384.396925      0.052903        28.557089      
567             349.852756      10994.796021    384.336389      0.050132        28.607221      
568             368.915034      11013.290100    384.309412      0.050131        28.657352      
569             391.481604      11032.910767    384.321934      0.050119        28.707471      
570             382.734899      11052.094971    384.319168      0.050124        28.757595      
571             384.384782      11071.505249    384.319283      0.050497        28.808092      
572             416.831307      11092.403503    384.375766      0.050136        28.858228      
573             412.692053      11113.088867    384.424863      0.050123        28.908351      
574             340.077687      11131.356140    384.342614      0.053715        28.962066      
575             409.823143      11151.886230    384.386611      0.050095        29.012161      
576             385.618648      11171.212280    384.388735      0.050117        29.062278      
577             390.539994      11190.784973    384.399325      0.050117        29.112395      
578             324.922349      11208.225830    384.289864      0.053677        29.166072      
579             475.690754      11232.060791    384.446617      0.050106        29.216178      
580             380.032148      11251.112183    384.439055      0.050131        29.266309      
581             333.386366      11269.039368    384.345425      0.053773        29.320082      
582             363.085053      11287.231018    384.309156      0.050103        29.370185      
583             378.988796      11306.228210    384.300092      0.050126        29.420311      
584             388.059663      11325.676208    384.306485      0.050116        29.470427      
585             387.597598      11345.102600    384.312073      0.050120        29.520547      
586             383.998756      11365.045959    384.311522      0.051936        29.572483      
587             438.941037      11387.039978    384.403929      0.050107        29.622590      
588             387.313852      11406.597778    384.408881      0.050496        29.673086      
589             382.669938      11425.780640    384.405948      0.050129        29.723215      
590             377.675351      11444.709351    384.394618      0.050119        29.773334      
591             378.768188      11463.693970    384.385162      0.050122        29.823456      
592             388.681101      11483.173889    384.392369      0.050118        29.873574      
593             363.345191      11502.613220    384.354743      0.053501        29.927075      
594             423.302685      11523.827881    384.419858      0.050117        29.977192      
595             338.858745      11542.093384    384.338080      0.053903        30.031095      
596             336.229247      11558.943176    384.257932      0.050114        30.081209      
597             364.001151      11577.190918    384.224230      0.050131        30.131340      
598             392.631739      11596.868835    384.238191      0.050118        30.181458      
599             384.341168      11616.148926    384.238362      0.050164        30.231622      
600             387.330663      11636.473328    384.243720      0.052473        30.284095      
601             411.835143      11657.122742    384.289327      0.050140        30.334235      
602             411.233878      11677.735840    384.333777      0.050125        30.384360      
603             392.852446      11697.661316    384.347973      0.050720        30.435080      
604             393.622979      11717.384583    384.363218      0.050107        30.485187      
605             385.909400      11736.727905    384.365756      0.050124        30.535311      
606             388.769103      11756.213013    384.372972      0.050120        30.585431      
607             340.135590      11774.457886    384.295525      0.053640        30.639071      
608             445.237941      11796.772766    384.395051      0.050119        30.689190      
609             369.230792      11815.280090    384.370324      0.050124        30.739314      
610             323.362782      11831.702393    384.269697      0.050786        30.790100      
611             345.753919      11849.042297    384.207064      0.050151        30.840251      
612             384.374032      11868.309814    384.207335      0.050127        30.890378      
613             381.502920      11887.425781    384.202955      0.050107        30.940485      
614             392.207934      11907.082458    384.215901      0.050118        30.990603      
615             400.935751      11928.527710    384.244709      0.053488        31.044091      
616             409.137471      11949.032043    384.284830      0.050116        31.094207      
617             399.427437      11969.753540    384.310052      0.051878        31.146085      
618             392.660234      11989.482361    384.323500      0.050244        31.196329      
619             383.306089      12008.700562    384.321868      0.050138        31.246467      
620             386.733394      12028.082092    384.325729      0.050116        31.296583      
621             389.243577      12047.591370    384.333593      0.050121        31.346704      
622             396.001362      12068.731506    384.353429      0.053384        31.400088      
623             398.178486      12088.685425    384.375458      0.050113        31.450201      
624             354.393699      12107.430725    384.325119      0.052894        31.503095      
625             336.996863      12124.322693    384.249934      0.050125        31.553220      
626             379.022378      12143.322327    384.241642      0.050128        31.603348      
627             388.005293      12162.767212    384.247601      0.050115        31.653463      
628             380.884946      12181.859070    384.242284      0.050125        31.703588      
629             393.912088      12202.935730    384.258576      0.053506        31.757094      
630             418.539136      12223.916260    384.312602      0.050128        31.807222      
631             409.054526      12244.417664    384.351527      0.050119        31.857341      
632             349.532350      12263.196289    384.292906      0.053725        31.911066      
633             412.612325      12283.866516    384.337294      0.050096        31.961162      
634             380.005472      12302.929871    384.330505      0.050166        32.011328      
635             382.886784      12322.117859    384.328249      0.050114        32.061442      
636             375.824635      12341.902771    384.314309      0.052644        32.114086      
637             411.547826      12362.536133    384.356759      0.050136        32.164222      
638             373.170660      12381.242432    384.339353      0.050128        32.214350      
639             307.946853      12397.785645    384.212172      0.053721        32.268071      
640             373.512114      12416.504578    384.195579      0.050116        32.318187      
641             379.538831      12435.535034    384.188366      0.050141        32.368328      
642             387.952636      12454.998230    384.194191      0.050169        32.418497      
643             388.394691      12474.466125    384.200676      0.050124        32.468621      
644             373.156069      12494.407959    384.182527      0.053441        32.522062      
645             450.662779      12516.989319    384.284796      0.050107        32.572169      
646             393.345619      12537.804382    384.299493      0.052918        32.625087      
647             394.029898      12557.557495    384.314421      0.050131        32.675218      
648             380.934282      12576.652588    384.309244      0.050127        32.725345      
649             390.185991      12596.214172    384.318233      0.050134        32.775479      
650             379.999866      12615.259766    384.311639      0.050120        32.825599      
651             397.522689      12635.729004    384.332330      0.051492        32.877091      
652             381.339747      12654.844421    384.327775      0.050127        32.927218      
653             337.010030      12672.325806    384.253350      0.051872        32.979090      
654             336.248579      12689.181274    384.180494      0.050128        33.029218      
655             371.787482      12707.818237    384.161713      0.050128        33.079346      
656             389.177071      12727.320679    384.169300      0.050112        33.129458      
657             388.910989      12746.814453    384.176463      0.050124        33.179582      
658             381.178842      12766.829773    384.171726      0.052509        33.232091      
659             419.723680      12787.872620    384.225280      0.050135        33.282226      
660             413.472566      12808.593384    384.269253      0.050114        33.332340      
661             383.485510      12829.200745    384.267991      0.053737        33.386077      
662             384.626623      12848.470154    384.268529      0.050099        33.436176      
663             388.809470      12867.959229    384.275326      0.050125        33.486301      
664             385.755438      12887.291748    384.277538      0.050116        33.536417      
665             378.266769      12906.836792    384.268291      0.051670        33.588087      
666             417.913196      12927.788452    384.318435      0.050134        33.638221      
667             372.947841      12946.483582    384.301516      0.050128        33.688349      
668             330.195159      12963.570190    384.218533      0.051747        33.740096      
669             356.606989      12981.453674    384.177554      0.050149        33.790245      
670             382.645447      13000.632629    384.175285      0.050122        33.840367      
671             390.139970      13020.201660    384.184113      0.050159        33.890526      
672             380.464693      13039.269409    384.178621      0.050117        33.940643      
673             377.169891      13059.418579    384.167606      0.053422        33.994065      
674             446.077126      13081.765259    384.258706      0.050096        34.044161      
675             397.081738      13102.383728    384.278234      0.051925        34.096086      
676             381.131860      13121.489868    384.273615      0.050130        34.146216      
677             381.032022      13140.591003    384.268863      0.050130        34.196346      
678             385.073892      13159.890137    384.270041      0.050118        34.246464      
679             382.329089      13179.054382    384.267205      0.050125        34.296589      
680             389.611895      13199.123291    384.275220      0.051510        34.348099      
681             397.855369      13219.067383    384.295010      0.050129        34.398228      
682             321.942374      13236.406555    384.197536      0.053858        34.452086      
683             363.187864      13254.606262    384.167022      0.050111        34.502197      
684             357.779081      13272.556396    384.128706      0.050171        34.552368      
685             383.296933      13291.768005    384.127501      0.050122        34.602490      
686             391.953565      13311.427612    384.138829      0.050158        34.652648      
687             377.148863      13331.582825    384.128065      0.053441        34.706089      
688             418.205968      13352.542053    384.177204      0.050117        34.756206      
689             423.411992      13373.767273    384.233711      0.050129        34.806335      
690             388.420268      13394.253723    384.240046      0.052743        34.859078      
691             383.035957      13413.445740    384.238317      0.050105        34.909183      
692             395.477855      13433.267090    384.254431      0.050120        34.959303      
693             384.284963      13452.525146    384.254475      0.050114        35.009417      
694             377.657492      13472.414856    384.244566      0.052666        35.062083      
695             410.042288      13492.970276    384.281397      0.050130        35.112213      
696             369.254903      13511.480286    384.259975      0.050128        35.162341      
697             323.705571      13528.557373    384.169260      0.052755        35.215096      
698             349.901707      13546.102844    384.120535      0.050144        35.265240      
699             383.880227      13565.343689    384.120194      0.050122        35.315362      
700             387.277699      13584.754822    384.124669      0.050122        35.365484      
701             385.392267      13604.071838    384.126463      0.050123        35.415607      
702             394.335014      13625.163635    384.141857      0.053487        35.469094      
703             414.123633      13645.916199    384.184157      0.050112        35.519206      
704             405.076927      13667.742554    384.215803      0.053882        35.573088      
705             382.064952      13686.890503    384.212777      0.050117        35.623205      
706             390.928891      13706.488159    384.222215      0.050131        35.673336      
707             388.439528      13725.956360    384.228131      0.050119        35.723455      
708             388.739745      13745.441162    384.234453      0.050123        35.773578      
709             373.559938      13765.424377    384.218514      0.053494        35.827072      
710             406.783328      13785.813171    384.250038      0.050122        35.877194      
711             354.719971      13804.577148    384.206563      0.052898        35.930092      
712             334.777144      13821.359192    384.137696      0.050129        35.980221      
713             364.356446      13839.634583    384.110158      0.050158        36.030379      
714             382.217644      13858.794006    384.107529      0.050127        36.080506      
715             394.863745      13878.587341    384.122452      0.050127        36.130633      
716             383.303155      13898.694275    384.121264      0.052457        36.183090      
717             417.204445      13919.609985    384.167039      0.050133        36.233223      
718             407.916204      13940.055969    384.199847      0.050123        36.283346      
719             389.412051      13960.591614    384.207411      0.052735        36.336081      
720             391.538103      13980.210022    384.217506      0.050106        36.386187      
721             382.107577      13999.360107    384.214604      0.050117        36.436304      
722             386.804823      14018.746765    384.218162      0.050120        36.486424      
723             376.561643      14038.955322    384.206917      0.053666        36.540090      
724             401.917180      14059.098206    384.231174      0.050117        36.590207      
725             379.532547      14078.123413    384.224746      0.050128        36.640335      
726             326.589677      14095.355591    384.141868      0.052764        36.693099      
727             346.254260      14112.732361    384.090120      0.050185        36.743284      
728             385.059833      14132.032715    384.091441      0.050123        36.793407      
729             389.212675      14151.540833    384.098408      0.050122        36.843529      
730             387.739361      14170.972778    384.103354      0.050116        36.893645      
731             244.610743      14183.263000    383.913643      0.050244        36.943889      
