1               248.940736      13.433838       248.940736      0.053964        0.053964       
2               431.466752      35.059814       336.835064      0.050122        0.104086       
3               398.972678      55.106995       357.065531      0.050247        0.154333       
4               352.048496      72.937195       355.825909      0.050647        0.204980       
5               379.637990      91.975281       360.506415      0.050148        0.255128       
6               375.237221      110.787048      362.925655      0.050133        0.305261       
7               380.218268      129.854614      365.365674      0.050149        0.355410       
8               379.287639      148.871338      367.086850      0.050138        0.405548       
9               347.831746      167.118591      364.881380      0.052460        0.458008       
10              380.523226      186.190796      366.424266      0.050121        0.508129       
11              397.981946      206.142029      369.258103      0.050131        0.558260       
12              386.557147      226.518616      370.750615      0.052713        0.610973       
13              377.566429      245.440735      371.267310      0.050116        0.661089       
14              376.923752      264.332153      371.665928      0.050120        0.711209       
15              379.882140      283.372986      372.206850      0.050123        0.761332       
16              370.430884      301.937500      372.097165      0.050116        0.811448       
17              377.613618      320.860474      372.418025      0.050112        0.861560       
18              406.252055      341.224670      374.278311      0.050127        0.911687       
19              382.438184      360.838013      374.712881      0.051285        0.962972       
20              384.771030      380.130432      375.210670      0.050140        1.013112       
21              373.175808      398.836243      375.114737      0.050126        1.063238       
22              382.610696      418.014221      375.452208      0.050124        1.113362       
23              372.242965      436.669922      375.313969      0.050117        1.163479       
24              387.791263      456.846313      375.848052      0.052029        1.215508       
25              401.106603      476.957397      376.848677      0.050139        1.265647       
26              391.249105      496.647400      377.399384      0.050326        1.315973       
27              377.925948      515.596985      377.418711      0.050141        1.366114       
28              370.434828      534.165771      377.171521      0.050127        1.416241       
29              386.725248      553.549988      377.498091      0.050124        1.466365       
30              374.331908      572.309631      377.393458      0.050115        1.516480       
31              367.942706      591.994934      377.071400      0.053501        1.569981       
32              405.648757      612.326050      377.955479      0.050120        1.620101       
33              387.471151      633.197571      378.261681      0.053866        1.673967       
34              380.724714      652.317566      378.333421      0.050220        1.724187       
35              376.747130      671.202393      378.288607      0.050126        1.774313       
36              376.804410      690.087830      378.247833      0.050120        1.824433       
37              374.878746      708.874878      378.157763      0.050115        1.874548       
38              375.433017      727.808716      378.086378      0.050432        1.924980       
39              407.401024      748.232544      378.830438      0.050132        1.975112       
40              390.842096      768.890503      379.143498      0.052855        2.027967       
41              378.550860      787.876343      379.129195      0.050154        2.078121       
42              375.426847      806.695740      379.041992      0.050128        2.128249       
43              382.732565      825.878296      379.126905      0.050120        2.178369       
44              376.365425      844.767700      379.064714      0.050189        2.228558       
45              351.044723      863.514893      378.408971      0.053404        2.281962       
46              433.931158      885.261353      379.602111      0.050115        2.332077       
47              393.244371      905.669556      379.899091      0.051897        2.383974       
48              378.495646      924.643921      379.870187      0.050131        2.434105       
49              375.669627      943.472107      379.785441      0.050119        2.484224       
50              376.035402      962.320129      379.711274      0.050123        2.534347       
51              377.993904      981.263672      379.677973      0.050116        2.584463       
52              378.519462      1000.384583     379.655763      0.050515        2.634978       
53              398.930777      1020.385376     380.015663      0.050136        2.685114       
54              393.402138      1041.575195     380.278913      0.053863        2.738977       
55              389.101557      1061.073853     380.437430      0.050112        2.789089       
56              377.630685      1080.009766     380.387860      0.050144        2.839233       
57              378.074081      1098.959595     380.347723      0.050122        2.889355       
58              376.415530      1117.826294     380.280674      0.050122        2.939477       
59              379.588263      1137.377747     380.268750      0.051507        2.990984       
60              404.113676      1157.638794     380.661866      0.050137        3.041121       
61              383.634376      1177.915405     380.712645      0.052854        3.093975       
62              385.125091      1197.223267     380.783003      0.050134        3.144109       
63              382.357025      1216.390442     380.807705      0.050129        3.194238       
64              377.700467      1235.321167     380.759702      0.050121        3.244359       
65              382.301216      1254.480957     380.783152      0.050117        3.294476       
66              339.111337      1272.617310     380.117466      0.053482        3.347958       
67              437.296851      1294.536377     380.960900      0.050124        3.398082       
68              363.343506      1314.111145     380.685949      0.053874        3.451956       
69              409.867326      1334.652466     381.103554      0.050117        3.502073       
70              379.836661      1353.696716     381.085672      0.050138        3.552211       
71              377.320858      1372.609924     381.033286      0.050125        3.602336       
72              376.538521      1391.482788     380.971605      0.050122        3.652458       
73              364.399760      1410.258850     380.741075      0.051526        3.703984       
74              400.114353      1430.320984     380.999829      0.050141        3.754125       
75              399.278515      1451.021179     381.248817      0.051844        3.805969       
76              381.768966      1470.157349     381.255578      0.050125        3.856094       
77              383.512146      1489.382812     381.284538      0.050130        3.906224       
78              374.040953      1508.130493     381.192771      0.050122        3.956346       
79              382.965734      1527.321289     381.214946      0.050111        4.006457       
80              368.207328      1546.661011     381.046625      0.052524        4.058981       
81              404.017504      1566.917236     381.326902      0.050137        4.109118       
82              397.753449      1587.145386     381.527718      0.050856        4.159974       
83              382.956636      1606.339172     381.544729      0.050120        4.210094       
84              373.691936      1625.071228     381.452330      0.050127        4.260221       
85              380.683555      1644.148804     381.443392      0.050114        4.310335       
86              376.427906      1663.018005     381.385735      0.050127        4.360462       
87              348.188687      1681.645752     380.983373      0.053499        4.413961       
88              431.124260      1703.256287     381.546392      0.050126        4.464087       
89              398.892040      1723.950806     381.745661      0.051880        4.515967       
90              382.048265      1743.096008     381.748982      0.050112        4.566079       
91              381.973171      1762.256165     381.751418      0.050161        4.616240       
92              369.864643      1780.791931     381.623758      0.050115        4.666355       
93              379.391141      1799.808533     381.600031      0.050124        4.716479       
94              359.096158      1819.021973     381.347605      0.053505        4.769984       
95              410.733191      1839.611206     381.653208      0.050128        4.820112       
96              402.749407      1860.496582     381.877755      0.051857        4.871969       
97              381.757766      1879.627991     381.876533      0.050114        4.922083       
98              374.173210      1898.383423     381.798875      0.050125        4.972208       
99              384.723526      1917.664612     381.828060      0.050117        5.022325       
100             376.605104      1936.557007     381.776407      0.050165        5.072490       
101             378.321894      1956.793823     381.740358      0.053491        5.125981       
102             403.257255      1977.006287     381.948718      0.050123        5.176104       
103             400.041555      1998.555725     382.135072      0.053868        5.229972       
104             378.233069      2017.508606     382.098041      0.050109        5.280081       
105             378.128879      2036.461182     382.060717      0.050122        5.330203       
106             380.415696      2055.526855     382.045394      0.050118        5.380321       
107             376.529997      2074.399292     381.994488      0.050122        5.430443       
108             376.659967      2094.187500     381.943374      0.052536        5.482979       
109             409.478044      2114.725281     382.192967      0.050156        5.533135       
110             390.949363      2135.382263     382.275794      0.052838        5.585973       
111             389.063194      2154.880554     382.336147      0.050116        5.636089       
112             379.347998      2173.895752     382.309806      0.050126        5.686215       
113             380.331574      2192.955688     382.292523      0.050114        5.736329       
114             381.141224      2212.058105     382.282551      0.050119        5.786448       
115             359.397960      2231.295959     382.072796      0.053528        5.839976       
116             399.818379      2251.340454     382.223839      0.050134        5.890110       
117             400.850095      2272.128540     382.386404      0.051860        5.941970       
118             386.180853      2291.480835     382.418137      0.050112        5.992082       
119             369.161384      2309.984680     382.308164      0.050124        6.042206       
120             386.628245      2329.362488     382.343704      0.050120        6.092326       
121             380.874619      2348.454590     382.331715      0.050127        6.142453       
122             362.997671      2366.795410     382.173976      0.050526        6.192979       
123             404.562852      2387.082214     382.353805      0.050145        6.243124       
124             399.896413      2408.613037     382.503799      0.053841        6.296965       
125             382.130557      2427.760071     382.500853      0.050106        6.347071       
126             377.325045      2446.695374     382.460251      0.050183        6.397254       
127             381.379618      2465.811646     382.451850      0.050124        6.447378       
128             381.167120      2484.916504     382.441940      0.050122        6.497500       
129             361.047710      2503.503601     382.273762      0.051481        6.548981       
130             404.625616      2523.810547     382.443748      0.050187        6.599168       
131             402.430699      2543.982788     382.594421      0.050126        6.649294       
132             386.243874      2564.325867     382.623101      0.052669        6.701963       
133             379.433699      2583.341187     382.599429      0.050115        6.752078       
134             379.392427      2602.361267     382.575793      0.050133        6.802211       
135             382.871283      2621.548096     382.577954      0.050113        6.852324       
136             374.442773      2640.890686     382.517085      0.051657        6.903981       
137             400.387558      2660.966919     382.645938      0.050142        6.954123       
138             400.889671      2681.059509     382.776484      0.050120        7.004243       
139             370.975308      2700.245239     382.689987      0.051717        7.055960       
140             377.455955      2719.159180     382.653079      0.050109        7.106069       
141             380.328285      2738.225037     382.636793      0.050130        7.156199       
142             377.680754      2757.155151     382.602323      0.050122        7.206321       
143             359.414640      2775.169373     382.442163      0.050121        7.256442       
144             398.094702      2795.124268     382.549546      0.050126        7.306568       
145             401.992140      2815.275330     382.682026      0.050128        7.356696       
146             382.494686      2835.267944     382.680704      0.052269        7.408965       
147             379.866744      2854.302307     382.661801      0.050108        7.459073       
148             377.430546      2873.222900     382.626878      0.050130        7.509203       
149             387.371042      2892.639099     382.658335      0.050123        7.559326       
150             365.711538      2910.964539     382.546738      0.050109        7.609435       
151             398.195883      2930.922913     382.649142      0.050122        7.659557       
152             407.138720      2951.345398     382.808476      0.050161        7.709718       
153             384.250125      2970.653198     382.817811      0.050248        7.759966       
154             376.150235      2989.503967     382.775027      0.050115        7.810081       
155             380.534906      3008.579041     382.760741      0.050127        7.860208       
156             381.994191      3027.728027     382.755884      0.050129        7.910337       
157             380.874279      3046.818970     382.744036      0.050124        7.960461       
158             379.210203      3065.820435     382.721931      0.050108        8.010569       
159             405.562920      3086.144409     382.863933      0.050113        8.060682       
160             387.364034      3106.401611     382.892939      0.052295        8.112977       
161             379.289291      3125.419556     382.870804      0.050141        8.163118       
162             382.689188      3144.602234     382.869696      0.050126        8.213244       
163             377.746214      3163.534119     382.838622      0.050118        8.263362       
164             383.841286      3182.770325     382.844666      0.050115        8.313477       
165             368.885412      3201.762390     382.758749      0.051485        8.364962       
166             399.016146      3221.755493     382.855551      0.050106        8.415068       
167             394.693771      3241.846985     382.926731      0.050904        8.465972       
168             381.986215      3260.997864     382.921194      0.050135        8.516107       
169             380.821919      3280.086182     382.908911      0.050124        8.566231       
170             379.249193      3299.094910     382.887622      0.050122        8.616353       
171             378.579209      3318.068542     382.862706      0.050118        8.666471       
172             374.600801      3337.738831     382.812949      0.052510        8.718981       
173             400.743474      3357.830505     382.915464      0.050136        8.769117       
174             397.037562      3378.021851     382.996891      0.050855        8.819972       
175             380.720162      3397.110779     382.984021      0.050139        8.870111       
176             374.779241      3415.894714     382.937921      0.050120        8.920231       
177             378.982764      3434.889709     382.915822      0.050121        8.970352       
178             373.186520      3453.998352     382.860601      0.051204        9.021556       
179             395.149279      3473.920593     382.928895      0.050417        9.071973       
180             404.759650      3494.205933     383.048833      0.050117        9.122090       
181             374.837192      3513.277649     383.003286      0.050880        9.172970       
182             380.859765      3532.370911     382.991635      0.050132        9.223102       
183             383.086395      3551.570435     382.992147      0.050118        9.273220       
184             384.088311      3570.820557     382.998039      0.050119        9.323339       
185             373.302498      3589.529358     382.946200      0.050117        9.373456       
186             380.804154      3609.530334     382.934264      0.052523        9.425979       
187             404.912150      3629.830200     383.050540      0.050134        9.476113       
188             393.339897      3650.227234     383.106540      0.051856        9.527969       
189             379.023731      3669.230347     383.085168      0.050137        9.578106       
190             378.305484      3688.197449     383.060279      0.050137        9.628243       
191             380.113674      3707.247986     383.045020      0.050118        9.678361       
192             382.483488      3726.418823     383.042127      0.050122        9.728483       
193             363.195275      3745.119385     382.937639      0.051489        9.779972       
194             404.668601      3765.450745     383.048705      0.050242        9.830214       
195             390.388763      3786.046875     383.087888      0.052758        9.882972       
196             384.696365      3805.327087     383.096004      0.050118        9.933090       
197             382.207525      3824.487915     383.091542      0.050132        9.983222       
198             383.935418      3843.728455     383.095757      0.050114        10.033336      
199             371.500075      3862.346924     383.038124      0.050117        10.083453      
200             382.335647      3882.814880     383.034415      0.053534        10.136987      
201             401.927013      3902.960266     383.127369      0.050122        10.187109      
202             393.240467      3922.960083     383.177607      0.050859        10.237968      
203             372.742851      3941.642700     383.126771      0.050122        10.288090      
204             385.851035      3960.985413     383.139981      0.050130        10.338220      
205             382.667557      3980.162415     383.137702      0.050114        10.388334      
206             375.399942      3998.978210     383.100548      0.050122        10.438456      
207             375.182101      4019.059082     383.060153      0.053523        10.491979      
208             403.022934      4039.263428     383.155084      0.050132        10.542111      
209             400.098831      4060.413452     383.239622      0.052862        10.594973      
210             375.186159      4079.217407     383.201705      0.050119        10.645092      
211             383.520487      4098.442139     383.203199      0.050127        10.695219      
212             375.236766      4117.249756     383.166040      0.050122        10.745341      
213             386.310580      4136.625549     383.180649      0.050156        10.795497      
214             379.266358      4156.150940     383.162071      0.051482        10.846979      
215             406.127724      4176.601501     383.268192      0.050355        10.897334      
216             384.683907      4196.463501     383.274868      0.051632        10.948966      
217             365.347411      4214.772156     383.193189      0.050113        10.999079      
218             376.541350      4233.646667     383.163012      0.050126        11.049205      
219             385.325454      4252.956482     383.172775      0.050113        11.099318      
220             377.038223      4271.853638     383.145199      0.050120        11.149438      
221             372.165240      4291.035034     383.094676      0.051540        11.200978      
222             414.815080      4311.833862     383.236036      0.050140        11.251118      
223             392.823576      4331.810120     383.279175      0.050853        11.301971      
224             387.774395      4351.241882     383.299018      0.050111        11.352082      
225             378.060249      4370.193665     383.275986      0.050129        11.402211      
226             379.480668      4389.212097     383.259377      0.050117        11.452328      
227             382.727035      4408.395142     383.257058      0.050122        11.502450      
228             355.503905      4426.358398     383.135674      0.050529        11.552979      
229             402.021102      4446.516541     383.217286      0.050142        11.603121      
230             407.423792      4466.939880     383.321414      0.050128        11.653249      
231             383.559458      4487.541626     383.322506      0.053712        11.706961      
232             382.938505      4506.728760     383.320869      0.050105        11.757066      
233             376.496695      4525.602539     383.291896      0.050130        11.807196      
234             377.564305      4544.526062     383.267686      0.050120        11.857316      
235             338.822886      4562.701538     383.067521      0.053643        11.910959      
236             439.975449      4584.757507     383.306027      0.050130        11.961089      
237             404.742538      4605.045227     383.395486      0.050125        12.011214      
238             370.569159      4624.221069     383.340464      0.051747        12.062961      
239             386.969297      4643.612488     383.355476      0.050111        12.113072      
240             373.759507      4662.346436     383.315933      0.050123        12.163195      
241             386.971584      4681.744934     383.330937      0.050129        12.213324      
242             369.137686      4701.182617     383.270006      0.052657        12.265981      
243             402.919191      4721.384583     383.349998      0.050139        12.316120      
244             398.244350      4741.348572     383.410377      0.050130        12.366250      
245             358.730761      4759.543396     383.309567      0.050720        12.416970      
246             377.184015      4778.446350     383.284943      0.050116        12.467086      
247             385.971746      4797.800903     383.295707      0.050145        12.517231      
248             383.866962      4817.044922     383.297986      0.050132        12.567363      
249             364.705611      4835.322144     383.224139      0.050115        12.617478      
250             384.746359      4854.609863     383.230163      0.050131        12.667609      
251             406.408711      4874.981506     383.321520      0.050126        12.717735      
252             368.558532      4894.596191     383.259998      0.053220        12.770955      
253             405.191711      4914.895081     383.345694      0.050097        12.821052      
254             381.242338      4934.005615     383.337503      0.050127        12.871179      
255             380.192098      4953.062744     383.325301      0.050125        12.921304      
256             366.729722      4971.442871     383.261179      0.050119        12.971423      
257             386.439899      4990.812012     383.273414      0.050122        13.021545      
258             402.350767      5010.998352     383.346636      0.050171        13.071716      
259             371.678295      5030.786133     383.299305      0.053239        13.124955      
260             398.194378      5050.740051     383.355958      0.050111        13.175066      
261             379.554084      5069.768616     383.341546      0.050134        13.225200      
262             386.801551      5089.157043     383.354610      0.050125        13.275325      
263             380.086715      5108.208130     383.342318      0.050123        13.325448      
264             378.689258      5127.190308     383.324881      0.050126        13.375574      
265             405.047285      5147.492493     383.405978      0.050123        13.425697      
266             382.025030      5167.070129     383.400727      0.051247        13.476944      
267             383.962600      5186.363098     383.402814      0.050247        13.527191      
268             384.338263      5205.631897     383.406268      0.050135        13.577326      
269             376.856562      5224.520325     383.382179      0.050121        13.627447      
270             379.721942      5243.552368     383.368766      0.050121        13.677568      
271             388.397904      5263.591370     383.387666      0.051594        13.729162      
272             402.644947      5283.768311     383.457698      0.050111        13.779273      
273             379.443879      5303.385559     383.442695      0.051700        13.830973      
274             381.990770      5322.537048     383.437451      0.050136        13.881109      
275             376.389145      5341.406189     383.412087      0.050132        13.931241      
276             386.937196      5360.818054     383.424736      0.050168        13.981409      
277             382.983093      5380.013550     383.423158      0.050121        14.031530      
278             362.136451      5399.119507     383.343420      0.052759        14.084289      
279             418.725371      5420.115234     383.468937      0.050142        14.134431      
280             384.436923      5440.315857     383.472523      0.052546        14.186977      
281             377.407513      5459.237183     383.451165      0.050135        14.237112      
282             379.722621      5478.270020     383.438084      0.050123        14.287235      
283             379.112995      5497.273438     383.422963      0.050126        14.337361      
284             390.364623      5516.837341     383.447144      0.050117        14.387478      
285             377.687737      5535.910950     383.426998      0.050501        14.437979      
286             411.753837      5556.551758     383.525009      0.050129        14.488108      
287             371.223910      5575.435547     383.481970      0.050869        14.538977      
288             379.981131      5594.485901     383.469940      0.050135        14.589112      
289             382.089527      5613.637756     383.465213      0.050124        14.639236      
290             378.394102      5632.604004     383.447910      0.050123        14.689359      
291             384.868350      5651.891296     383.452739      0.050114        14.739473      
292             365.152702      5670.698486     383.389015      0.051505        14.790978      
293             408.411735      5691.175842     383.473551      0.050139        14.841117      
294             390.055058      5711.401367     383.496466      0.051853        14.892970      
295             386.748759      5730.789856     383.507377      0.050132        14.943102      
296             385.773940      5750.129089     383.514956      0.050131        14.993233      
297             375.703536      5768.959351     383.488930      0.050120        15.043353      
298             378.861493      5787.947510     383.473565      0.050119        15.093472      
299             368.926881      5807.688049     383.422177      0.053508        15.146980      
300             405.029594      5828.008789     383.493511      0.050171        15.197151      
301             395.175614      5848.091614     383.532446      0.050820        15.247971      
302             386.036830      5867.440552     383.540651      0.050122        15.298093      
303             372.556363      5886.117920     383.504772      0.050133        15.348226      
304             381.993960      5905.264221     383.499855      0.050122        15.398348      
305             381.959825      5924.410339     383.494858      0.050126        15.448474      
306             381.200137      5944.044434     383.487232      0.051506        15.499980      
307             405.520334      5964.378845     383.558282      0.050144        15.550124      
308             380.995851      5984.130432     383.549768      0.051842        15.601966      
309             379.773764      6003.162415     383.537678      0.050114        15.652080      
310             377.295620      6022.075867     383.517750      0.050129        15.702209      
311             390.819628      6041.661011     383.540980      0.050113        15.752322      
312             375.708218      6060.491882     383.516136      0.050121        15.802443      
313             343.305076      6078.864197     383.380418      0.053516        15.855959      
314             438.196064      6100.829651     383.553166      0.050127        15.906086      
315             396.795682      6121.021790     383.595398      0.050888        15.956974      
316             373.143927      6139.720032     383.562680      0.050110        16.007084      
317             385.928171      6159.067383     383.570065      0.050132        16.057216      
318             386.030314      6178.415222     383.577720      0.050120        16.107336      
319             377.383850      6197.330078     383.558507      0.050121        16.157457      
320             373.958132      6216.972229     383.527399      0.052525        16.209982      
321             404.829537      6237.273621     383.593097      0.050148        16.260130      
322             389.589053      6257.858337     383.612517      0.052837        16.312967      
323             369.800095      6276.390869     383.570214      0.050115        16.363082      
324             381.383883      6295.508118     383.563537      0.050126        16.413208      
325             381.570504      6314.631287     383.557470      0.050117        16.463325      
326             379.489616      6333.651306     383.545124      0.050120        16.513445      
327             332.753033      6351.458252     383.381057      0.053514        16.566959      
328             433.867195      6373.207581     383.533359      0.050129        16.617088      
329             406.776334      6394.310730     383.605699      0.051879        16.668967      
330             386.351747      6413.668884     383.613928      0.050105        16.719072      
331             381.516304      6432.791626     383.607658      0.050123        16.769195      
332             380.144781      6451.844482     383.597339      0.050120        16.819315      
333             377.102766      6470.744873     383.578044      0.050120        16.869435      
334             336.083324      6488.734741     383.427816      0.053528        16.922963      
335             430.145571      6510.294067     383.565772      0.050121        16.973084      
336             401.599126      6530.421814     383.618865      0.050119        17.023203      
337             382.053874      6550.960266     383.613938      0.053758        17.076961      
338             383.792425      6570.190186     383.614461      0.050105        17.127066      
339             383.451083      6589.411438     383.613984      0.050127        17.177193      
340             381.812234      6608.547485     383.608742      0.050119        17.227312      
341             369.550445      6627.270020     383.567520      0.050663        17.277975      
342             405.286632      6647.592712     383.630371      0.050144        17.328119      
343             393.309150      6667.323853     383.658311      0.050167        17.378286      
344             361.316724      6686.356934     383.590794      0.052677        17.430963      
345             379.966591      6705.399719     383.580403      0.050117        17.481080      
346             378.970930      6724.399048     383.567222      0.050134        17.531214      
347             387.232183      6743.809448     383.577671      0.050126        17.581340      
348             359.396238      6761.822388     383.508932      0.050120        17.631460      
349             391.037479      6781.449341     383.530303      0.050192        17.681652      
350             411.583282      6802.076660     383.609591      0.050117        17.731769      
351             386.331108      6821.859131     383.617428      0.051206        17.782975      
352             380.493585      6840.933655     383.608646      0.050131        17.833106      
353             381.377817      6860.055176     383.602392      0.050138        17.883244      
354             374.945730      6878.845581     383.578201      0.050115        17.933359      
355             384.160808      6898.114319     383.579826      0.050158        17.983517      
356             384.292045      6917.374268     383.581805      0.050118        18.033635      
357             411.026800      6937.975342     383.657872      0.050121        18.083756      
358             384.105257      6957.649597     383.659135      0.051221        18.134977      
359             376.194768      6976.510498     383.638556      0.050136        18.185113      
360             382.840397      6995.701904     383.636362      0.050129        18.235242      
361             380.656891      7014.781189     383.628195      0.050122        18.285364      
362             379.753197      7033.813660     383.617603      0.050118        18.335482      
363             391.145987      7053.417114     383.638125      0.050118        18.385600      
364             400.732368      7073.499817     383.684594      0.050115        18.435715      
365             375.785967      7092.763733     383.662691      0.051263        18.486978      
366             373.099746      7111.470581     383.634121      0.050139        18.537117      
367             378.788063      7130.461121     383.621050      0.050135        18.587252      
368             384.736923      7149.742981     383.624050      0.050117        18.637369      
369             384.844094      7169.030212     383.627322      0.050117        18.687486      
370             382.031687      7188.314026     383.623024      0.050477        18.737963      
371             399.919447      7208.351990     383.666484      0.050105        18.788068      
372             388.776988      7228.922180     383.680835      0.052910        18.840978      
373             382.081758      7248.078613     383.676592      0.050137        18.891115      
374             383.567449      7267.304932     383.676303      0.050125        18.941240      
375             380.697488      7286.388916     383.668440      0.050129        18.991369      
376             383.554041      7305.611877     383.668139      0.050118        19.041487      
377             379.725537      7324.779663     383.657715      0.050478        19.091965      
378             405.245544      7345.103943     383.714276      0.050153        19.142118      
379             347.816268      7363.828979     383.613598      0.053836        19.195954      
380             400.122741      7383.881531     383.656587      0.050116        19.246070      
381             380.917573      7402.976929     383.649471      0.050130        19.296200      
382             388.504283      7422.450317     383.662050      0.050124        19.346324      
383             380.229845      7441.509338     383.653180      0.050125        19.396449      
384             372.928987      7461.103027     383.624209      0.052540        19.448989      
385             410.431639      7481.686584     383.693157      0.050151        19.499140      
386             394.480007      7502.920654     383.722852      0.053828        19.552968      
387             381.547983      7522.040405     383.717293      0.050111        19.603079      
388             376.822412      7540.929382     383.699707      0.050127        19.653206      
389             386.054028      7560.284973     383.705698      0.050137        19.703343      
390             377.711127      7579.214722     383.690489      0.050117        19.753460      
391             379.486300      7598.766235     383.679552      0.051521        19.804981      
392             405.698115      7619.103882     383.735144      0.050130        19.855111      
393             372.439486      7638.793640     383.705148      0.052867        19.907978      
394             374.210898      7657.553955     383.681299      0.050133        19.958111      
395             386.956098      7676.954773     383.689505      0.050137        20.008248      
396             378.369015      7695.919006     383.676210      0.050121        20.058369      
397             376.737725      7714.807129     383.658911      0.050136        20.108505      
398             354.521362      7733.758423     383.581658      0.053456        20.161961      
399             433.645785      7755.491882     383.705797      0.050118        20.212079      
400             397.059551      7775.697449     383.739333      0.050888        20.262967      
401             378.501235      7794.674744     383.726404      0.050138        20.313105      
402             381.684022      7813.807800     383.721377      0.050128        20.363233      
403             378.538025      7832.782776     383.708648      0.050127        20.413360      
404             381.680077      7851.914490     383.703679      0.050125        20.463485      
405             346.473501      7870.441467     383.606647      0.053473        20.516958      
406             433.503144      7892.172546     383.728262      0.050129        20.567087      
407             364.350469      7911.799377     383.677641      0.053868        20.620955      
408             408.889509      7932.290466     383.738764      0.050114        20.671069      
409             390.667122      7951.876953     383.755527      0.050136        20.721205      
410             382.766332      7971.061584     383.753140      0.050121        20.771326      
411             376.865454      7989.951965     383.736559      0.050125        20.821451      
412             376.666560      8009.360840     383.719106      0.051528        20.872979      
413             410.837760      8029.958191     383.784086      0.050135        20.923114      
414             363.828908      8048.463257     383.735695      0.050862        20.973976      
415             372.400175      8067.130188     383.708669      0.050126        21.024102      
416             379.504169      8086.156250     383.698666      0.050134        21.074236      
417             379.132104      8105.157593     383.687832      0.050118        21.124354      
418             380.185071      8124.213989     383.679540      0.050124        21.174478      
419             381.754626      8144.639771     383.674689      0.053505        21.227983      
420             403.171569      8164.845520     383.720610      0.050117        21.278100      
421             370.884678      8184.819885     383.688204      0.053856        21.331956      
422             406.914436      8205.216064     383.742651      0.050124        21.382080      
423             382.472693      8224.389038     383.739681      0.050129        21.432209      
424             381.953461      8243.533691     383.735513      0.050123        21.482332      
425             383.196305      8262.759033     383.734257      0.050171        21.532503      
426             365.428078      8281.933044     383.689757      0.052470        21.584973      
427             413.345589      8302.661499     383.758496      0.050148        21.635121      
428             384.767440      8322.225769     383.760862      0.050847        21.685968      
429             387.763931      8341.662048     383.770093      0.050124        21.736092      
430             375.859345      8360.505005     383.751889      0.050133        21.786225      
431             392.133313      8380.159119     383.771127      0.050121        21.836346      
432             373.427504      8398.875305     383.747440      0.050120        21.886466      
433             374.908243      8418.189453     383.726683      0.051517        21.937983      
434             414.064535      8438.951477     383.795866      0.050142        21.988125      
435             377.207545      8458.885010     383.780070      0.052845        22.040970      
436             369.903655      8477.428650     383.748580      0.050131        22.091101      
437             381.156782      8496.533752     383.742713      0.050124        22.141225      
438             377.878259      8515.473389     383.729468      0.050121        22.191346      
439             382.195147      8534.630920     383.726010      0.050125        22.241471      
440             377.470126      8554.076294     383.711554      0.051515        22.292986      
441             406.645024      8574.467102     383.763023      0.050144        22.343130      
442             400.448932      8595.627625     383.802392      0.052842        22.395972      
443             380.713943      8614.705200     383.795497      0.050110        22.446082      
444             381.625885      8633.834961     383.790663      0.050127        22.496209      
445             375.348673      8652.645935     383.771898      0.050116        22.546325      
446             386.796651      8672.036438     383.778608      0.050131        22.596456      
447             370.635089      8691.502563     383.748130      0.052521        22.648977      
448             407.094182      8711.914673     383.799700      0.050141        22.699118      
449             384.427474      8732.230896     383.801158      0.052848        22.751966      
450             370.009195      8750.775757     383.770843      0.050120        22.802086      
451             383.988759      8770.023193     383.771321      0.050125        22.852211      
452             375.524811      8788.846375     383.753272      0.050125        22.902336      
453             390.788910      8808.433105     383.768636      0.050121        22.952457      
454             344.249370      8826.851135     383.676731      0.053502        23.005959      
455             442.924984      8849.052307     383.805537      0.050124        23.056083      
456             392.725815      8869.428101     383.825565      0.051883        23.107966      
457             376.289490      8888.287354     383.809255      0.050119        23.158085      
458             377.620482      8907.217468     383.795887      0.050130        23.208215      
459             384.874168      8926.506592     383.798211      0.050118        23.258333      
460             378.122315      8945.459595     383.786005      0.050124        23.308457      
461             364.841517      8964.257324     383.744221      0.051523        23.359980      
462             406.542823      8984.645447     383.793061      0.050150        23.410130      
463             401.169245      9005.440857     383.831452      0.051837        23.461967      
464             374.084555      9024.185486     383.810680      0.050108        23.512075      
465             385.099466      9043.485901     383.813421      0.050118        23.562193      
466             382.421460      9062.652100     383.810466      0.050118        23.612311      
467             372.784385      9081.336426     383.787111      0.050121        23.662432      
468             373.263765      9100.204163     383.764679      0.050548        23.712980      
469             410.252321      9120.773804     383.820567      0.050139        23.763119      
470             395.052408      9140.575806     383.844209      0.050125        23.813244      
471             366.906488      9159.185303     383.808210      0.050720        23.863964      
472             379.211781      9178.189880     383.798577      0.050116        23.914080      
473             388.848298      9197.682068     383.809140      0.050128        23.964208      
474             373.564717      9216.409241     383.787755      0.050131        24.014339      
475             373.348349      9235.121460     383.766012      0.050120        24.064459      
476             393.199156      9254.834106     383.785623      0.050134        24.114593      
477             407.311749      9275.253052     383.834430      0.050131        24.164724      
478             384.489612      9295.721741     383.835870      0.053236        24.217960      
479             386.306706      9315.079956     383.840972      0.050111        24.268071      
480             383.625026      9334.308777     383.840527      0.050124        24.318195      
481             379.401507      9353.323242     383.831397      0.050117        24.368312      
482             363.434343      9371.538208     383.789532      0.050119        24.418431      
483             406.222751      9391.898499     383.835484      0.050121        24.468552      
484             397.686090      9411.834900     383.863803      0.050131        24.518683      
485             354.917378      9430.749512     383.801022      0.053293        24.571976      
486             375.307137      9449.556152     383.783736      0.050110        24.622086      
487             385.555500      9468.882507     383.787336      0.050126        24.672212      
488             380.222999      9487.938904     383.780110      0.050119        24.722331      
489             381.727628      9507.068420     383.775958      0.050113        24.772444      
490             385.525259      9526.389404     383.779489      0.050116        24.822560      
491             404.943756      9546.681946     383.822130      0.050112        24.872672      
492             393.149917      9567.244080     383.841703      0.052301        24.924973      
493             382.134422      9586.402771     383.838276      0.050136        24.975109      
494             380.449024      9605.472778     383.831487      0.050125        25.025234      
495             385.073892      9624.771912     383.833970      0.050118        25.075352      
496             382.231479      9643.928589     383.830774      0.050118        25.125470      
497             395.040470      9663.725647     383.853087      0.050114        25.175584      
498             398.316565      9683.688477     383.881823      0.050118        25.225702      
499             357.836821      9702.751160     383.826937      0.053272        25.278974      
500             370.953258      9721.342224     383.801465      0.050117        25.329091      
501             389.144777      9740.850830     383.812019      0.050132        25.379223      
502             383.350897      9760.067444     383.811110      0.050128        25.429351      
503             374.428356      9778.834167     383.792653      0.050121        25.479472      
504             367.332779      9798.119873     383.758807      0.052502        25.531974      
505             410.984663      9818.722534     383.812158      0.050130        25.582104      
506             364.980148      9838.378540     383.772596      0.053855        25.635959      
507             405.946321      9858.724976     383.815864      0.050121        25.686080      
508             389.684686      9878.257141     383.827293      0.050123        25.736203      
509             374.273379      9897.016846     383.808723      0.050123        25.786326      
510             384.846055      9916.303406     383.810735      0.050115        25.836441      
511             384.353320      9936.879761     383.811857      0.053535        25.889976      
512             412.265302      9957.539612     383.866825      0.050113        25.940089      
513             376.986112      9977.851624     383.852563      0.053880        25.993969      
514             388.957374      9997.363281     383.862395      0.050164        26.044133      
515             380.835707      10016.454956    383.856581      0.050131        26.094264      
516             386.383460      10035.819336    383.861425      0.050117        26.144381      
517             374.306742      10054.579590    383.843143      0.050120        26.194501      
518             386.959238      10074.883728    383.849372      0.052471        26.246972      
519             402.283031      10095.054199    383.884519      0.050140        26.297112      
520             364.775069      10114.699890    383.845463      0.053857        26.350969      
521             381.667023      10133.827515    383.841328      0.050116        26.401085      
522             377.846479      10152.769714    383.829966      0.050132        26.451217      
523             384.292452      10172.033142    383.830841      0.050127        26.501344      
524             381.266958      10191.141479    383.826001      0.050118        26.551462      
525             391.191542      10211.682556    383.840539      0.052509        26.603971      
526             400.299773      10231.755188    383.871503      0.050144        26.654115      
527             382.004672      10251.946045    383.867808      0.052855        26.706970      
528             387.042946      10271.350830    383.873758      0.050136        26.757106      
529             375.741821      10290.186768    383.858551      0.050130        26.807236      
530             385.374143      10309.505188    383.861380      0.050129        26.857365      
531             378.420405      10328.469727    383.851246      0.050115        26.907480      
532             381.090221      10347.714783    383.846074      0.050500        26.957980      
533             410.842721      10368.314026    383.896192      0.050139        27.008119      
534             343.385390      10386.801208    383.815598      0.053838        27.061957      
535             405.248689      10407.109436    383.855214      0.050113        27.112070      
536             384.031172      10426.360535    383.855539      0.050129        27.162199      
537             388.277457      10445.821777    383.863684      0.050122        27.212321      
538             377.636382      10464.748535    383.852235      0.050119        27.262440      
539             353.949166      10483.691895    383.793646      0.053520        27.315960      
540             433.931708      10505.440552    383.885473      0.050120        27.366080      
541             359.104104      10524.786926    383.836783      0.053874        27.419954      
542             409.332901      10545.303101    383.883302      0.050121        27.470075      
543             383.589544      10564.531677    383.882767      0.050128        27.520203      
544             380.096180      10583.583618    383.875883      0.050124        27.570327      
545             382.939921      10602.776184    383.874185      0.050119        27.620446      
546             388.552038      10623.187988    383.883065      0.052533        27.672979      
547             403.047240      10643.397583    383.917726      0.050142        27.723121      
548             361.261704      10662.492432    383.874613      0.052856        27.775977      
549             374.425499      10681.262756    383.857590      0.050131        27.826108      
550             382.804532      10700.451599    383.855696      0.050127        27.876235      
551             382.117534      10719.604858    383.852577      0.050124        27.926359      
552             379.627786      10738.634460    383.845007      0.050127        27.976486      
553             381.237711      10758.266296    383.840217      0.051495        28.027981      
554             415.191720      10779.082764    383.896199      0.050137        28.078118      
555             356.498325      10798.275208    383.843767      0.053836        28.131954      
556             408.678906      10818.773315    383.887968      0.050157        28.182111      
557             389.081468      10838.278748    383.897190      0.050132        28.232243      
558             383.627111      10857.505371    383.896711      0.050118        28.282361      
559             384.079787      10876.755066    383.897035      0.050119        28.332480      
560             382.293992      10896.825500    383.894070      0.052500        28.384980      
561             397.432140      10916.751953    383.917941      0.050138        28.435118      
562             371.994950      10936.045471    383.896233      0.051865        28.486983      
563             360.365890      10954.111694    383.854896      0.050133        28.537116      
564             386.329541      10973.479553    383.859236      0.050133        28.587249      
565             381.441103      10992.593567    383.855004      0.050110        28.637359      
566             379.877415      11011.632263    383.848055      0.050118        28.687477      
567             374.926793      11030.570190    383.832375      0.050511        28.737988      
568             412.394737      11051.250549    383.882129      0.050147        28.788135      
569             403.036483      11072.546997    383.917222      0.052840        28.840975      
570             377.432533      11091.468445    383.905970      0.050132        28.891107      
571             384.315132      11110.736084    383.906678      0.050135        28.941242      
572             379.949114      11129.780273    383.899836      0.050123        28.991365      
573             386.817823      11149.166809    383.904872      0.050118        29.041483      
574             378.269194      11169.403076    383.894510      0.053497        29.094980      
575             406.124863      11189.756836    383.932736      0.050117        29.145097      
576             373.145708      11209.113770    383.913571      0.051875        29.196972      
577             358.479712      11227.081848    383.869983      0.050123        29.247095      
578             388.467308      11246.553772    383.877848      0.050125        29.297220      
579             380.131001      11265.604797    383.871450      0.050117        29.347337      
580             380.526668      11284.679077    383.865746      0.050126        29.397463      
581             369.172275      11304.066528    383.839545      0.052516        29.449979      
582             408.994349      11324.613586    383.882383      0.050238        29.500217      
583             374.743002      11344.751526    383.865764      0.053738        29.553955      
584             413.319982      11365.460510    383.915615      0.050104        29.604059      
585             385.488658      11384.785828    383.918274      0.050132        29.654191      
586             380.010868      11403.828552    383.911682      0.050111        29.704302      
587             384.224722      11423.102417    383.912210      0.050163        29.754465      
588             372.476306      11443.033997    383.891680      0.053511        29.807976      
589             411.746860      11463.676514    383.938451      0.050134        29.858110      
590             371.086776      11483.293274    383.915738      0.052863        29.910973      
591             370.995215      11501.889038    383.894122      0.050124        29.961097      
592             382.407591      11521.057983    383.891639      0.050127        30.011224      
593             375.018804      11539.852051    383.876848      0.050115        30.061339      
594             390.498128      11559.426941    383.887870      0.050128        30.111467      
595             338.508655      11577.535461    383.807394      0.053495        30.164962      
596             436.584979      11599.420593    383.894954      0.050128        30.215090      
597             395.713082      11619.554871    383.914822      0.050881        30.265971      
598             393.426174      11639.271423    383.930545      0.050115        30.316086      
599             382.005624      11658.436646    383.927365      0.050170        30.366256      
600             382.461000      11677.605591    383.924949      0.050120        30.416376      
601             375.987279      11696.450073    383.911890      0.050120        30.466496      
602             375.516242      11715.408386    383.898001      0.050486        30.516982      
603             407.091300      11735.824829    383.936055      0.050152        30.567134      
604             382.277198      11756.022827    383.933192      0.052836        30.619970      
605             357.190616      11773.922363    383.889497      0.050112        30.670082      
606             388.220463      11793.382690    383.896564      0.050127        30.720209      
607             382.056381      11812.531738    383.893567      0.050121        30.770330      
608             380.861859      11831.623962    383.888636      0.050129        30.820459      
609             366.549210      11850.142395    383.860260      0.050521        30.870980      
610             413.292593      11870.869019    383.907995      0.050150        30.921130      
611             404.133385      11892.223022    383.942498      0.052839        30.973969      
612             376.723949      11911.098022    383.930840      0.050103        31.024072      
613             385.648598      11930.423645    383.933610      0.050112        31.074184      
614             381.494688      11949.546448    383.929682      0.050126        31.124310      
615             385.018806      11968.844360    383.931433      0.050122        31.174432      
616             364.140000      11987.979553    383.898128      0.052549        31.226981      
617             414.647808      12008.769165    383.947421      0.050138        31.277119      
618             385.688662      12028.102966    383.950207      0.050128        31.327247      
619             356.409883      12046.891113    383.903942      0.052715        31.379962      
620             385.366028      12066.202576    383.906273      0.050112        31.430074      
621             380.240484      12085.280762    383.900431      0.050174        31.480248      
622             383.961218      12104.530273    383.900527      0.050134        31.530382      
623             352.451854      12122.715027    383.849150      0.051595        31.581977      
624             417.684025      12143.665222    383.902801      0.050158        31.632135      
625             414.238442      12164.431824    383.950802      0.050132        31.682267      
626             380.196430      12183.708923    383.944803      0.050703        31.732970      
627             380.907992      12202.798889    383.940015      0.050117        31.783087      
628             385.259692      12222.111572    383.942093      0.050129        31.833216      
629             376.423657      12240.974915    383.930276      0.050112        31.883328      
630             357.674492      12258.899414    383.889072      0.050114        31.933442      
631             421.679179      12280.036926    383.948299      0.050127        31.983569      
632             387.461414      12299.460754    383.953797      0.050131        32.033700      
633             360.970159      12317.604919    383.917789      0.050265        32.083965      
634             382.202107      12336.755920    383.915114      0.050107        32.134072      
635             376.498938      12355.627930    383.903564      0.050125        32.184197      
636             385.899658      12374.970764    383.906668      0.050124        32.234321      
637             381.106828      12394.071838    383.902321      0.050120        32.284441      
638             390.696368      12413.651978    383.912851      0.050116        32.334557      
639             405.137184      12433.956238    383.945697      0.050117        32.384674      
640             363.194862      12453.308350    383.911612      0.053283        32.437957      
641             410.198528      12473.869141    383.952168      0.050124        32.488081      
642             384.537417      12493.166382    383.953071      0.050183        32.538264      
643             374.730755      12511.952759    383.938883      0.050133        32.588397      
644             380.225074      12531.013062    383.933180      0.050129        32.638526      
645             390.894129      12550.604675    383.943852      0.050120        32.688646      
646             405.332821      12570.918335    383.976594      0.050116        32.738762      
647             364.190889      12589.933105    383.945091      0.052211        32.790973      
648             380.110177      12608.989929    383.939236      0.050135        32.841108      
649             382.532028      12628.166260    383.937092      0.050130        32.891238      
650             380.048025      12647.215027    383.931174      0.050122        32.941360      
651             383.890162      12666.454834    383.931112      0.050118        32.991478      
652             364.547256      12685.713501    383.900122      0.052829        33.044307      
653             426.681292      12707.108154    383.964941      0.050142        33.094449      
654             362.545817      12726.506531    383.930367      0.053506        33.147955      
655             406.224348      12746.866089    383.964024      0.050119        33.198074      
656             379.969077      12765.917358    383.958000      0.050139        33.248213      
657             385.961402      12785.264832    383.961016      0.050128        33.298341      
658             379.282332      12804.274841    383.953984      0.050121        33.348462      
659             377.275436      12823.675476    383.943701      0.051423        33.399885      
660             408.356317      12844.153320    383.980300      0.050147        33.450032      
661             364.704139      12863.461487    383.949839      0.052942        33.502974      
662             377.865372      12882.409546    383.940746      0.050145        33.553119      
663             378.062684      12901.361450    383.931977      0.050129        33.603248      
664             389.760846      12920.895874    383.940658      0.050119        33.653367      
665             380.672305      12939.973267    383.935798      0.050115        33.703482      
666             359.020191      12959.168640    383.896336      0.053466        33.756948      
667             435.334753      12980.987183    383.972593      0.050119        33.807067      
668             357.101196      13000.230652    383.929829      0.053888        33.860955      
669             408.943219      13020.727295    383.966799      0.050121        33.911076      
670             387.490321      13040.150635    383.971999      0.050126        33.961202      
671             378.665402      13059.130859    383.964179      0.050124        34.011326      
672             389.270233      13078.639526    383.971986      0.050116        34.061442      
673             378.584577      13098.527710    383.963690      0.052533        34.113975      
674             402.377980      13118.702942    383.990715      0.050140        34.164115      
675             374.091590      13137.729614    383.976000      0.050861        34.214976      
676             373.357170      13156.447876    383.960463      0.050135        34.265111      
677             381.843867      13175.587036    383.957371      0.050123        34.315234      
678             381.154943      13194.691284    383.953284      0.050122        34.365356      
679             383.343164      13213.902527    383.952395      0.050115        34.415471      
680             378.675847      13233.405090    383.944511      0.051502        34.466973      
681             414.708425      13254.197327    383.989196      0.050137        34.517110      
682             385.122527      13274.170166    383.990897      0.051861        34.568971      
683             376.077235      13293.021790    383.979438      0.050127        34.619098      
684             386.843928      13312.428589    383.983583      0.050167        34.669265      
685             379.443340      13331.446289    383.977029      0.050120        34.719385      
686             387.732553      13350.876343    383.982441      0.050112        34.769497      
687             368.666996      13370.225830    383.959357      0.052485        34.821982      
688             411.645556      13390.866150    383.999166      0.050141        34.872123      
689             375.018044      13409.934692    383.986090      0.050847        34.922970      
690             379.077170      13428.937073    383.979054      0.050128        34.973098      
691             384.307693      13448.203186    383.979524      0.050132        35.023230      
692             382.357566      13467.378418    383.977205      0.050150        35.073380      
693             375.479649      13486.197083    383.965079      0.050119        35.123499      
694             356.928588      13505.277771    383.923992      0.053458        35.176957      
695             438.403621      13527.250122    384.001503      0.050119        35.227076      
696             353.901954      13546.318359    383.955536      0.053880        35.280956      
697             399.960634      13566.363586    383.978239      0.050118        35.331074      
698             384.553506      13585.640869    383.979054      0.050129        35.381203      
699             387.194474      13605.048218    383.983603      0.050123        35.431326      
700             378.352942      13624.012024    383.975649      0.050122        35.481448      
701             375.166598      13643.346985    383.962872      0.051537        35.532985      
702             404.863818      13663.648071    383.992326      0.050143        35.583128      
703             387.298288      13684.114075    383.997228      0.052843        35.635971      
704             382.802534      13703.300903    383.995550      0.050122        35.686093      
705             386.541378      13722.677063    383.999121      0.050127        35.736220      
706             386.141555      13742.031250    384.002122      0.050122        35.786342      
707             383.756536      13761.266663    384.001778      0.050124        35.836466      
708             319.898453      13777.300293    383.912248      0.050121        35.886587      
709             131.017652      13783.888123    383.558404      0.050282        35.936869      
