1               278.229723      14.944275       278.229723      0.053712        0.053712       
2               406.213470      35.305725       340.011028      0.050125        0.103837       
3               409.089018      55.805176       362.496026      0.050110        0.153947       
4               360.579678      73.872742       362.025453      0.050107        0.204054       
5               383.391619      93.079895       366.237114      0.050098        0.254152       
6               381.646432      112.194275      368.773830      0.050084        0.304236       
7               392.752572      131.864502      372.163226      0.050083        0.354319       
8               374.516574      150.620667      372.454665      0.050081        0.404400       
9               382.358378      169.771851      373.546109      0.050087        0.454487       
10              372.035242      188.403748      373.396148      0.050081        0.504568       
11              406.593928      208.766785      376.393734      0.050082        0.554650       
12              402.001020      228.879700      378.512507      0.050032        0.604682       
13              376.161434      247.716736      378.332693      0.050077        0.654759       
14              392.290681      267.361084      379.324358      0.050076        0.704835       
15              385.261190      286.653809      379.718177      0.050077        0.754912       
16              385.969328      305.981995      380.107051      0.050077        0.804989       
17              393.854581      325.705444      380.912191      0.050078        0.855067       
18              408.595887      346.168335      382.443904      0.050081        0.905148       
19              405.156426      366.456543      383.634547      0.050075        0.955223       
20              384.761471      385.724243      383.690683      0.050077        1.005300       
21              386.598242      405.083923      383.828644      0.050077        1.055377       
22              383.841258      424.305542      383.829216      0.050077        1.105454       
23              383.612118      443.515686      383.819808      0.050077        1.155531       
24              386.530395      462.872742      383.932401      0.050079        1.205610       
25              411.082845      483.456482      385.015061      0.050072        1.255682       
26              398.271580      503.400330      385.523450      0.050076        1.305758       
27              387.678122      522.814087      385.603032      0.050077        1.355835       
28              387.520468      542.220337      385.671330      0.050078        1.405913       
29              383.670971      561.433044      385.602532      0.050076        1.455989       
30              379.014706      580.412964      385.383485      0.050077        1.506066       
31              397.100235      600.299744      385.760554      0.050080        1.556146       
32              408.945785      620.778931      386.483411      0.050078        1.606224       
33              404.791982      641.048889      387.036935      0.050075        1.656299       
34              387.252332      660.441711      387.043257      0.050078        1.706377       
35              383.915606      679.667053      386.954087      0.050077        1.756454       
36              384.099291      698.901978      386.874950      0.050078        1.806532       
37              382.328694      718.047852      386.752327      0.050077        1.856609       
38              385.367228      737.345886      386.715949      0.050077        1.906686       
39              407.619728      757.758667      387.250924      0.050078        1.956764       
40              409.657214      778.273071      387.810031      0.050077        2.006841       
41              393.431657      797.975342      387.946896      0.050078        2.056919       
42              385.298974      817.269958      387.883963      0.050077        2.106996       
43              377.970172      836.197571      387.653812      0.050077        2.157073       
44              394.943032      855.996460      387.819368      0.050131        2.207204       
45              382.552632      875.153931      387.702525      0.050078        2.257282       
46              413.939481      895.883606      388.271972      0.050079        2.307361       
47              404.943474      916.164795      388.626159      0.050084        2.357445       
48              386.599461      935.524536      388.584003      0.050077        2.407522       
49              388.703604      954.989258      388.586440      0.050076        2.457598       
50              391.735284      974.607361      388.649325      0.050080        2.507678       
51              385.083618      993.890808      388.579515      0.050076        2.557754       
52              377.147683      1012.776855     388.359999      0.050076        2.607830       
53              412.993710      1033.459167     388.824135      0.050079        2.657909       
54              405.215811      1053.751160     389.127255      0.050077        2.707986       
55              392.926236      1073.426941     389.196229      0.050075        2.758061       
56              384.138148      1092.662659     389.106033      0.050075        2.808136       
57              381.566016      1111.769958     388.973931      0.050076        2.858212       
58              387.527781      1131.176575     388.949030      0.050078        2.908290       
59              375.930633      1150.000549     388.728682      0.050073        2.958363       
60              418.944172      1170.978760     389.231604      0.050074        3.008437       
61              408.923968      1191.455627     389.554014      0.050075        3.058512       
62              386.209836      1210.795471     389.500143      0.050076        3.108588       
63              387.573364      1230.202820     389.469598      0.050074        3.158662       
64              388.950887      1249.681091     389.461503      0.050079        3.208741       
65              391.583953      1269.290833     389.494118      0.050078        3.258819       
66              385.414694      1288.590088     389.432384      0.050074        3.308893       
67              395.669965      1308.404053     389.525376      0.050077        3.358970       
68              394.629171      1328.166687     389.600351      0.050079        3.409049       
69              357.069376      1346.046936     389.129426      0.050075        3.459124       
70              378.883326      1365.019897     388.983215      0.050076        3.509200       
71              387.558677      1384.427673     388.963172      0.050077        3.559277       
72              391.363136      1404.025574     388.996469      0.050076        3.609353       
73              386.378440      1423.373474     388.960645      0.050075        3.659428       
74              392.408386      1443.024109     389.007188      0.050077        3.709505       
75              401.684674      1463.140076     389.176057      0.050079        3.759584       
76              354.765932      1480.905334     388.723753      0.050076        3.809660       
77              365.051880      1499.186768     388.416618      0.050079        3.859739       
78              383.628311      1518.397339     388.355290      0.050076        3.909815       
79              389.800570      1537.916992     388.373567      0.050076        3.959891       
80              381.160437      1557.003601     388.283492      0.050075        4.009966       
81              390.176237      1576.542847     388.306838      0.050078        4.060044       
82              414.973488      1597.323059     388.631733      0.050076        4.110120       
83              376.758072      1616.188843     388.488816      0.050074        4.160194       
84              386.613276      1635.548889     388.466509      0.050076        4.210270       
85              385.034021      1654.829468     388.426164      0.050075        4.260345       
86              380.160681      1673.866394     388.330141      0.050076        4.310421       
87              385.013006      1693.157471     388.292025      0.050105        4.360526       
88              383.937545      1712.383911     388.242585      0.050077        4.410603       
89              391.264127      1731.978027     388.276507      0.050079        4.460682       
90              361.242903      1750.067627     387.976395      0.050076        4.510758       
91              348.409271      1767.514221     387.541973      0.050075        4.560833       
92              384.984891      1786.792725     387.514203      0.050076        4.610909       
93              387.890198      1806.217102     387.518242      0.050077        4.660986       
94              390.175975      1825.755554     387.546493      0.050076        4.711062       
95              377.865586      1844.677551     387.444672      0.050076        4.761138       
96              409.777008      1865.198364     387.677120      0.050078        4.811216       
97              407.036738      1885.581543     387.876547      0.050077        4.861293       
98              388.220160      1905.021667     387.880050      0.050075        4.911368       
99              375.901824      1923.845703     387.759151      0.050077        4.961445       
100             384.291365      1943.089478     387.724501      0.050076        5.011521       
101             383.352508      1962.286621     387.681246      0.050077        5.061598       
102             383.518451      1981.493225     387.640463      0.050080        5.111678       
103             394.306660      2001.238525     387.705134      0.050076        5.161754       
104             372.761997      2019.905701     387.561552      0.050078        5.211832       
105             344.229847      2037.144043     387.149161      0.050078        5.261910       
106             379.029076      2056.125061     387.072610      0.050078        5.311988       
107             382.652574      2075.287537     387.031330      0.050078        5.362066       
108             380.331693      2094.334167     386.969338      0.050079        5.412145       
109             396.465265      2114.189148     387.056401      0.050080        5.462225       
110             396.924129      2134.066711     387.146048      0.050079        5.512304       
111             405.564829      2154.376587     387.311872      0.050078        5.562382       
112             395.296947      2174.171082     387.383116      0.050075        5.612457       
113             382.304639      2193.315369     387.338205      0.050076        5.662533       
114             382.026741      2212.445740     387.291646      0.050076        5.712609       
115             378.601047      2231.403809     387.216130      0.050074        5.762683       
116             388.851085      2250.875916     387.230215      0.050076        5.812759       
117             390.606474      2270.436707     387.259053      0.050078        5.862837       
118             379.626557      2289.447266     387.194413      0.050077        5.912914       
119             347.473079      2306.848022     386.860828      0.050078        5.962992       
120             363.653789      2325.058350     386.667563      0.050076        6.013068       
121             390.951910      2345.627502     386.704725      0.052613        6.065681       
122             391.381419      2365.226318     386.743018      0.050076        6.115757       
123             385.436317      2384.528198     386.732405      0.050078        6.165835       
124             388.033148      2403.960510     386.742885      0.050079        6.215914       
125             408.391230      2424.411926     386.915899      0.050078        6.265992       
126             396.734000      2444.279175     386.993742      0.050077        6.316069       
127             380.659480      2463.340698     386.943917      0.050075        6.366144       
128             385.082399      2482.624084     386.929389      0.050076        6.416220       
129             382.342998      2501.771057     386.893870      0.050078        6.466298       
130             383.667479      2520.992798     386.869064      0.050100        6.516398       
131             383.961921      2540.220459     386.846894      0.050077        6.566475       
132             395.961920      2560.050232     386.915885      0.050080        6.616555       
133             349.366760      2577.545471     386.633831      0.050077        6.666632       
134             367.345012      2595.931824     386.490093      0.050052        6.716684       
135             382.295786      2615.076050     386.459053      0.050077        6.766761       
136             386.939904      2634.453613     386.462586      0.050079        6.816840       
137             379.737200      2653.470093     386.413540      0.050078        6.866918       
138             380.960582      2672.548218     386.374061      0.050079        6.916997       
139             412.362681      2693.199341     386.560869      0.050080        6.967077       
140             405.776471      2713.519409     386.697999      0.050077        7.017154       
141             386.846076      2732.891113     386.699048      0.050076        7.067230       
142             383.881479      2752.114746     386.679224      0.050077        7.117307       
143             382.862318      2771.290405     386.652552      0.050085        7.167392       
144             377.465578      2790.192749     386.588810      0.050077        7.217469       
145             359.659485      2808.202698     386.403261      0.050075        7.267544       
146             420.376927      2829.254333     386.635759      0.050078        7.317622       
147             364.012779      2847.477905     386.482037      0.050063        7.367685       
148             352.190221      2865.113831     386.250543      0.050075        7.417760       
149             378.785316      2884.082642     386.200483      0.050078        7.467838       
150             383.755239      2903.300720     386.184194      0.050079        7.517917       
151             384.260173      2922.543701     386.171463      0.050078        7.567995       
152             391.679730      2942.158630     386.207673      0.050079        7.618074       
153             387.817856      2961.579773     386.218188      0.050078        7.668152       
154             417.182045      2982.470581     386.419082      0.050076        7.718228       
155             385.872214      3001.793518     386.415557      0.050076        7.768304       
156             386.189935      3021.132751     386.414112      0.050077        7.818381       
157             381.023627      3040.212891     386.379806      0.050076        7.868457       
158             380.501674      3059.267273     386.342633      0.050077        7.918534       
159             382.115400      3078.402466     386.316068      0.050077        7.968611       
160             401.508524      3098.507202     386.410938      0.050073        8.018684       
161             377.778354      3117.425964     386.357359      0.050079        8.068763       
162             348.712950      3134.889160     386.125159      0.050079        8.118842       
163             363.322262      3153.082886     385.985376      0.050076        8.168918       
164             389.667997      3172.596680     386.007814      0.050078        8.218996       
165             391.140086      3192.183411     386.038894      0.050076        8.269072       
166             383.045700      3211.364807     386.020877      0.050076        8.319148       
167             389.785473      3230.884094     386.043402      0.050077        8.369225       
168             401.460934      3250.989258     386.135109      0.050080        8.419305       
169             404.528705      3271.246033     386.243861      0.050075        8.469380       
170             385.429388      3290.547180     386.239074      0.050077        8.519457       
171             379.727449      3309.563171     386.201022      0.050078        8.569535       
172             385.713728      3328.886658     386.198189      0.050098        8.619633       
173             379.492599      3347.879883     386.159479      0.050049        8.669682       
174             385.867339      3367.202576     386.157801      0.050076        8.719758       
175             393.269694      3386.897522     386.198413      0.050080        8.769838       
176             359.243849      3404.886658     386.045379      0.050075        8.819913       
177             353.244364      3422.576782     385.860188      0.050079        8.869992       
178             383.080710      3441.760315     385.844584      0.050077        8.920069       
179             388.160681      3461.199402     385.857515      0.050080        8.970149       
180             382.383541      3480.348022     385.838229      0.050077        9.020226       
181             379.632383      3499.359253     385.803966      0.050078        9.070304       
182             407.162646      3519.751587     385.921255      0.050084        9.120388       
183             412.064395      3540.386536     386.064015      0.050077        9.170465       
184             387.572877      3559.795410     386.072210      0.050078        9.220543       
185             379.254815      3578.787354     386.035384      0.050077        9.270620       
186             386.510881      3598.137634     386.037938      0.050064        9.320684       
187             376.377572      3616.984741     385.986316      0.050075        9.370759       
188             389.046864      3636.467041     386.002584      0.050077        9.420836       
189             394.423106      3656.218567     386.047107      0.050077        9.470913       
190             367.818473      3674.638916     385.951225      0.050080        9.520993       
191             352.747515      3692.303101     385.777503      0.050076        9.571069       
192             378.321194      3711.248291     385.738694      0.050077        9.621146       
193             380.564766      3730.306213     385.711903      0.050078        9.671224       
194             388.985159      3749.785034     385.728764      0.050076        9.721300       
195             387.921887      3769.210999     385.740004      0.050077        9.771377       
196             393.824546      3788.931763     385.781223      0.050075        9.821452       
197             410.746285      3809.501526     385.907872      0.050079        9.871531       
198             392.159746      3829.139709     385.939427      0.050077        9.921608       
199             383.215460      3848.329224     385.925748      0.050075        9.971683       
200             373.552853      3867.036377     385.863921      0.050079        10.021762      
201             385.492767      3886.340698     385.862075      0.050077        10.071839      
202             387.644423      3905.752380     385.870893      0.050076        10.121915      
203             389.649715      3925.265259     385.889497      0.050078        10.171993      
204             383.713801      3944.481262     385.878838      0.050079        10.222072      
205             346.248183      3961.820679     385.685633      0.050078        10.272150      
206             368.197664      3980.258545     385.600794      0.050076        10.322226      
207             380.693319      3999.322144     385.577102      0.050076        10.372302      
208             386.785120      4018.691956     385.582906      0.050079        10.422381      
209             387.629369      4038.103271     385.592692      0.050077        10.472458      
210             385.142586      4057.390442     385.590550      0.050078        10.522536      
211             407.597356      4077.802917     385.694791      0.050080        10.572616      
212             403.493742      4098.004639     385.778681      0.050067        10.622683      
213             381.390804      4117.102783     385.758094      0.050075        10.672758      
214             385.593098      4136.411743     385.757323      0.050076        10.722834      
215             382.236251      4156.994019     385.739730      0.053847        10.776681      
216             389.257721      4176.486877     385.756002      0.050077        10.826758      
217             382.398167      4195.636230     385.740542      0.050077        10.876835      
218             389.622901      4215.147766     385.758335      0.050078        10.926913      
219             357.196499      4233.035095     385.628036      0.050077        10.976990      
220             361.403791      4251.132751     385.518029      0.050076        11.027066      
221             376.174841      4269.970459     385.475791      0.050077        11.077143      
222             391.977626      4289.599915     385.505052      0.050078        11.127221      
223             383.693430      4308.814514     385.496936      0.050078        11.177299      
224             373.160545      4327.501648     385.441911      0.050078        11.227377      
225             416.883841      4348.378357     385.581530      0.050078        11.277455      
226             408.090186      4368.814697     385.681039      0.050078        11.327533      
227             386.154988      4388.151794     385.683125      0.050076        11.377609      
228             380.553437      4407.208008     385.660647      0.050075        11.427684      
229             377.308349      4426.102478     385.624207      0.050077        11.477761      
230             385.703235      4445.417725     385.624550      0.050078        11.527839      
231             383.173138      4464.604736     385.613948      0.050074        11.577913      
232             399.821287      4484.626587     385.675133      0.050077        11.627990      
233             365.410169      4502.925232     385.588234      0.050077        11.678067      
234             347.468952      4520.326477     385.425462      0.050080        11.728147      
235             383.413261      4539.525513     385.416907      0.050074        11.778221      
236             381.981329      4558.653992     385.402362      0.050077        11.828298      
237             383.028300      4577.834900     385.392354      0.050077        11.878375      
238             386.628305      4597.196472     385.397543      0.050078        11.928453      
239             395.304317      4616.992126     385.438958      0.050077        11.978530      
240             410.525018      4637.549988     385.543396      0.050077        12.028607      
241             389.241117      4657.041626     385.558726      0.050076        12.078683      
242             386.758319      4676.408936     385.563678      0.050076        12.128759      
243             380.990423      4695.487793     385.544874      0.050077        12.178836      
244             389.870318      4715.011719     385.562587      0.050078        12.228914      
245             375.096180      4733.795410     385.519902      0.050077        12.278991      
246             395.481632      4753.599548     385.560363      0.050076        12.329067      
247             382.352426      4772.747375     385.547386      0.050079        12.379146      
248             347.295219      4790.138184     385.393275      0.050075        12.429221      
249             366.746013      4808.503357     385.318448      0.050076        12.479297      
250             384.977203      4827.781860     385.317085      0.050077        12.529374      
251             384.170341      4847.019958     385.312519      0.050077        12.579451      
252             389.664623      4866.534363     385.329777      0.050080        12.629531      
253             385.547228      4885.841797     385.330636      0.050078        12.679609      
254             415.922294      4906.668274     385.450970      0.050073        12.729682      
255             395.380467      4926.467346     385.489878      0.050076        12.779758      
256             382.426524      4945.617737     385.477921      0.050076        12.829834      
257             386.778628      4964.986450     385.482978      0.050077        12.879911      
258             380.716488      4984.059204     385.464510      0.050097        12.930008      
259             385.657697      5003.371399     385.465256      0.050076        12.980084      
260             384.082228      5022.605469     385.459940      0.050078        13.030162      
261             385.491612      5041.910889     385.460062      0.050080        13.080242      
262             369.717430      5060.425598     385.400021      0.050078        13.130320      
263             353.540274      5078.130188     385.278972      0.050078        13.180398      
264             376.053981      5096.962219     385.244055      0.050078        13.230476      
265             384.052114      5116.194397     385.239560      0.050077        13.280553      
266             393.920396      5135.921143     385.272171      0.050078        13.330631      
267             351.959767      5153.536377     385.147569      0.050049        13.380680      
268             424.607230      5174.798584     385.294690      0.050075        13.430755      
269             412.321568      5195.446411     385.395086      0.050077        13.480832      
270             386.206999      5214.786499     385.398091      0.050077        13.530909      
271             379.535831      5233.793274     385.376474      0.050079        13.580988      
272             389.706249      5253.308594     385.392381      0.050077        13.631065      
273             382.431076      5272.459595     385.381542      0.050077        13.681142      
274             382.604713      5291.620056     385.371414      0.050079        13.731221      
275             397.208124      5311.511047     385.414425      0.050077        13.781298      
276             369.616338      5330.020325     385.357228      0.050077        13.831375      
277             346.385939      5347.365601     385.216645      0.050075        13.881450      
278             383.089242      5366.549561     385.208998      0.050077        13.931527      
279             377.650383      5385.461914     385.181925      0.050079        13.981606      
280             389.920762      5404.987976     385.198837      0.050077        14.031683      
281             384.930514      5424.264526     385.197883      0.050078        14.081761      
282             387.858508      5443.687317     385.207311      0.050077        14.131838      
283             419.582574      5464.700012     385.328699      0.050080        14.181918      
284             383.167044      5483.886719     385.321093      0.050074        14.231992      
285             390.161349      5503.424438     385.338064      0.050076        14.282068      
286             378.642964      5522.385742     385.314671      0.050077        14.332145      
287             385.456202      5541.688232     385.315164      0.050077        14.382222      
288             389.427601      5561.189209     385.329433      0.050076        14.432298      
289             381.995955      5580.318420     385.317907      0.050077        14.482375      
290             390.828788      5599.889954     385.336897      0.050077        14.532452      
291             348.682480      5617.351624     385.211019      0.050079        14.582531      
292             356.369939      5635.197205     385.112318      0.050076        14.632607      
293             390.558695      5654.754822     385.130893      0.050076        14.682683      
294             387.308397      5674.150452     385.138295      0.050078        14.732761      
295             389.428357      5693.651855     385.152828      0.050077        14.782838      
296             384.414961      5712.902588     385.150336      0.050078        14.832916      
297             408.967599      5733.384094     385.230481      0.050081        14.882997      
298             404.469890      5753.638733     385.294999      0.050077        14.933074      
299             381.588867      5772.747559     385.282612      0.050077        14.983151      
300             378.661398      5791.716980     385.260548      0.050096        15.033247      
301             376.293470      5810.559875     385.230778      0.050075        15.083322      
302             396.102648      5830.395508     385.266754      0.050077        15.133399      
303             368.376792      5848.842712     385.211049      0.050077        15.183476      
304             408.658995      5869.307129     385.288129      0.050077        15.233553      
305             363.607629      5887.516235     385.217089      0.050079        15.283632      
306             348.893742      5904.979065     385.098523      0.050052        15.333684      
307             375.057001      5923.761169     385.065836      0.050078        15.383762      
308             386.254133      5943.104004     385.069691      0.050078        15.433840      
309             390.223291      5962.645996     385.086359      0.050079        15.483919      
310             376.186631      5981.485046     385.057668      0.050079        15.533998      
311             405.511201      6001.792236     385.123394      0.050078        15.584076      
312             416.092065      6022.630127     385.222594      0.050080        15.634156      
313             385.508164      6041.934448     385.223506      0.050075        15.684231      
314             377.772953      6060.851807     385.199793      0.050076        15.734307      
315             387.071563      6080.234802     385.205732      0.050076        15.784383      
316             384.171559      6099.472961     385.202461      0.050077        15.834460      
317             380.184118      6118.510681     385.186641      0.050075        15.884535      
318             393.290413      6138.206665     385.212110      0.050080        15.934615      
319             380.490263      6157.257812     385.197319      0.050070        15.984685      
320             345.785849      6174.573730     385.074236      0.050077        16.034762      
321             350.191906      6192.110291     384.965637      0.050077        16.084839      
322             384.721620      6211.375610     384.964880      0.050076        16.134915      
323             390.150164      6230.913940     384.980924      0.050079        16.184994      
324             384.416907      6250.164001     384.979184      0.050076        16.235070      
325             383.320135      6269.360291     384.974082      0.050079        16.285149      
326             413.490971      6290.067505     385.061507      0.050079        16.335228      
327             405.312880      6310.363953     385.123398      0.050076        16.385304      
328             380.910274      6329.438416     385.110561      0.050076        16.435380      
329             383.720764      6348.655151     385.106339      0.050080        16.485460      
330             396.170304      6368.494568     385.139847      0.050078        16.535538      
331             379.233835      6387.485840     385.122014      0.050078        16.585616      
332             393.103220      6407.168518     385.146036      0.050070        16.635686      
333             398.579876      6427.128601     385.186354      0.050078        16.685764      
334             358.053334      6445.058838     385.105167      0.050077        16.735841      
335             344.392731      6462.304993     384.983710      0.050077        16.785918      
336             381.973701      6481.433472     384.974757      0.050078        16.835996      
337             378.648088      6500.394653     384.955995      0.050076        16.886072      
338             384.004580      6519.624451     384.953182      0.050077        16.936149      
339             376.835603      6538.497131     384.929248      0.050082        16.986231      
340             417.373799      6559.398376     385.024619      0.050078        17.036309      
341             412.269136      6580.045227     385.104474      0.050081        17.086390      
342             387.180804      6599.435242     385.110542      0.050080        17.136470      
343             374.706758      6618.206177     385.080217      0.050095        17.186565      
344             387.008183      6637.585999     385.085818      0.050076        17.236641      
345             383.416943      6656.772949     385.080987      0.050042        17.286683      
346             355.342448      6674.567078     384.995089      0.050076        17.336759      
347             420.299865      6695.614014     385.096771      0.050076        17.386835      
348             375.356826      6714.411133     385.068798      0.050078        17.436913      
349             332.712839      6731.073059     384.918862      0.050079        17.486992      
350             376.464922      6749.925293     384.894722      0.050077        17.537069      
351             381.935013      6769.051453     384.886294      0.050077        17.587146      
352             389.824475      6788.572693     384.900315      0.050077        17.637223      
353             378.293402      6807.516113     384.881610      0.050076        17.687299      
354             397.514049      6827.422424     384.917274      0.050077        17.737376      
355             405.781775      6847.743164     384.976015      0.050078        17.787454      
356             401.588844      6868.717346     385.024652      0.052228        17.839682      
357             386.579960      6888.076111     385.029005      0.050077        17.889759      
358             388.523988      6907.532227     385.038761      0.050077        17.939836      
359             386.495456      6926.887146     385.042816      0.050078        17.989914      
360             375.999526      6945.715698     385.017713      0.050076        18.039990      
361             396.056956      6965.549438     385.048273      0.050078        18.090068      
362             377.551888      6984.456482     385.027578      0.050078        18.140146      
363             350.123651      7001.989624     384.931489      0.050077        18.190223      
364             353.673374      7019.701233     384.845669      0.050079        18.240302      
365             388.488197      7039.155945     384.855642      0.050078        18.290380      
366             389.177278      7058.644775     384.867442      0.050077        18.340457      
367             382.629416      7077.806091     384.861348      0.050078        18.390535      
368             382.683605      7096.970886     384.855434      0.050080        18.440615      
369             408.154627      7117.406372     384.918522      0.050068        18.490683      
370             410.447561      7137.959534     384.987471      0.050075        18.540758      
371             391.467747      7157.561890     385.004926      0.050074        18.590832      
372             378.577147      7176.519897     384.987658      0.050077        18.640909      
373             379.332125      7195.514954     384.972506      0.050075        18.690984      
374             386.273617      7214.857605     384.975983      0.050075        18.741059      
375             378.403099      7233.806519     384.958467      0.050076        18.791135      
376             395.601169      7253.618225     384.986755      0.050080        18.841215      
377             358.584590      7271.574707     384.916770      0.050076        18.891291      
378             363.305256      7289.767944     384.859633      0.050077        18.941368      
379             383.354604      7308.965576     384.855665      0.050078        18.991446      
380             383.403167      7328.164490     384.851845      0.050075        19.041521      
381             387.195886      7347.553711     384.857993      0.050076        19.091597      
382             372.213297      7366.194153     384.824911      0.050080        19.141677      
383             412.999804      7386.876770     384.898431      0.050079        19.191756      
384             414.925730      7407.658325     384.976590      0.050085        19.241841      
385             380.718915      7426.723206     384.965538      0.050076        19.291917      
386             384.142459      7445.967590     384.963406      0.050097        19.342014      
387             377.224031      7464.858215     384.943420      0.050078        19.392092      
388             387.017518      7484.238892     384.948762      0.050077        19.442169      
389             385.898597      7503.562378     384.951202      0.050074        19.492243      
390             387.637473      7522.974487     384.958086      0.050078        19.542321      
391             370.441483      7541.525085     384.920982      0.050077        19.592398      
392             351.954613      7559.150269     384.836935      0.050078        19.642476      
393             369.506643      7577.654053     384.797951      0.050077        19.692553      
394             391.252220      7597.246399     384.814322      0.050076        19.742629      
395             381.953213      7616.364685     384.807087      0.050054        19.792683      
396             387.532289      7635.770752     384.813964      0.050076        19.842759      
397             392.188479      7655.410767     384.832529      0.050078        19.892837      
398             415.119993      7676.198730     384.908581      0.050077        19.942914      
399             392.427716      7695.849548     384.927414      0.050075        19.992989      
400             383.996048      7715.078918     384.925087      0.050077        20.043066      
401             384.574991      7734.337280     384.924214      0.050077        20.093143      
402             381.621775      7753.447754     384.916004      0.050077        20.143220      
403             377.478216      7772.349976     384.897560      0.050075        20.193295      
404             390.392218      7791.900818     384.911153      0.050080        20.243375      
405             388.611296      7811.361694     384.920284      0.050078        20.293453      
406             347.332540      7828.755066     384.827759      0.050077        20.343530      
407             362.311913      7846.898560     384.772471      0.050077        20.393607      
408             392.308964      7866.543823     384.790931      0.050076        20.443683      
409             378.157368      7885.479675     384.774723      0.050074        20.493757      
410             387.698052      7904.894043     384.781849      0.050076        20.543833      
411             386.801786      7924.263916     384.786761      0.050077        20.593910      
412             418.598695      7945.226501     384.868781      0.050078        20.643988      
413             396.500600      7965.082458     384.896929      0.050078        20.694066      
414             385.333864      7984.378052     384.897984      0.050075        20.744141      
415             374.492861      8003.131531     384.872926      0.050077        20.794218      
416             391.650479      8022.744995     384.889210      0.050079        20.844297      
417             373.995580      8041.473572     384.863101      0.050077        20.894374      
418             392.165322      8061.112427     384.880561      0.050078        20.944452      
419             391.381632      8080.712036     384.896068      0.050078        20.994530      
420             364.176717      8098.948914     384.846764      0.050077        21.044607      
421             347.824578      8116.366577     384.758879      0.050076        21.094683      
422             380.177187      8135.405090     384.748028      0.050078        21.144761      
423             392.268043      8155.047913     384.765794      0.050075        21.194836      
424             385.154312      8174.334900     384.766710      0.050076        21.244912      
425             369.263122      8192.825012     384.730255      0.050073        21.294985      
426             416.722329      8213.692383     384.805308      0.050075        21.345060      
427             408.626087      8234.155151     384.861062      0.050077        21.395137      
428             380.541619      8253.218384     384.850972      0.050095        21.445232      
429             386.826163      8272.589478     384.855574      0.050077        21.495309      
430             381.876510      8291.712708     384.848650      0.050077        21.545386      
431             385.340414      8311.009399     384.849790      0.050077        21.595463      
432             382.681264      8330.172546     384.844773      0.050076        21.645539      
433             399.626159      8350.185425     384.878892      0.050079        21.695618      
434             369.439098      8368.681763     384.843345      0.050066        21.745684      
435             347.495862      8386.083313     384.757537      0.050077        21.795761      
436             348.721132      8403.546570     384.674929      0.050078        21.845839      
437             382.977298      8423.400879     384.670910      0.051842        21.897681      
438             387.875572      8442.824524     384.678222      0.050077        21.947758      
439             388.753895      8462.292542     384.687500      0.050078        21.997836      
440             395.157480      8482.081238     384.711281      0.050078        22.047914      
441             412.843225      8502.755188     384.775032      0.050077        22.097991      
442             396.270828      8522.598450     384.801023      0.050075        22.148066      
443             387.795561      8542.017700     384.807778      0.050076        22.198142      
444             381.651644      8561.128906     384.800674      0.050075        22.248217      
445             389.644840      8580.641541     384.811554      0.050078        22.298295      
446             388.882322      8600.115601     384.820675      0.050077        22.348372      
447             385.408668      8619.415710     384.821990      0.050077        22.398449      
448             392.611403      8639.076904     384.839366      0.050078        22.448527      
449             341.725209      8656.189819     384.743402      0.050078        22.498605      
450             354.428781      8673.938904     384.676076      0.050078        22.548683      
451             375.170349      8692.726685     384.655012      0.050078        22.598761      
452             384.017124      8711.956726     384.653602      0.050076        22.648837      
453             387.641194      8731.367859     384.660192      0.050075        22.698912      
454             381.395073      8750.466980     384.653005      0.050077        22.748989      
455             406.940856      8770.845764     384.701960      0.050078        22.799067      
456             413.540394      8791.554626     384.765163      0.050077        22.849144      
457             389.919543      8811.080627     384.776435      0.050077        22.899221      
458             390.975277      8830.660278     384.789962      0.050079        22.949300      
459             380.068714      8849.693359     384.779682      0.050078        22.999378      
460             387.119099      8869.078735     384.784765      0.050076        23.049454      
461             378.529613      8888.034363     384.771204      0.050077        23.099531      
462             398.344005      8907.983032     384.800566      0.050079        23.149610      
463             368.593790      8926.440735     384.765584      0.050076        23.199686      
464             334.075368      8943.170227     384.656404      0.050077        23.249763      
465             370.245091      8961.711731     384.625429      0.050079        23.299842      
466             382.906751      8980.886169     384.621743      0.050076        23.349918      
467             392.872227      9000.560425     384.639400      0.050078        23.399996      
468             379.902011      9019.584778     384.629284      0.050077        23.450073      
469             397.904073      9039.510620     384.657571      0.050077        23.500150      
470             414.669278      9060.276428     384.721389      0.050078        23.550228      
471             392.358419      9079.932800     384.737601      0.050098        23.600326      
472             391.643471      9099.544739     384.752223      0.050076        23.650402      
473             382.166272      9118.682861     384.746759      0.050078        23.700480      
474             389.456390      9138.185669     384.756689      0.050077        23.750557      
475             382.098336      9157.320007     384.751096      0.050077        23.800634      
476             386.109676      9176.645569     384.753947      0.050052        23.850686      
477             380.126661      9195.682312     384.744251      0.050080        23.900766      
478             345.152858      9212.966187     384.661474      0.050076        23.950842      
479             374.163778      9231.703186     384.639571      0.050077        24.000919      
480             388.235566      9251.144470     384.647058      0.050076        24.050995      
481             383.783456      9270.362427     384.645264      0.050075        24.101070      
482             383.536897      9289.568420     384.642966      0.050076        24.151146      
483             388.227612      9309.012024     384.650384      0.050083        24.201229      
484             410.929186      9329.592590     384.704654      0.050083        24.251312      
485             393.373563      9349.290771     384.722517      0.050075        24.301387      
486             384.636300      9368.551819     384.722340      0.050076        24.351463      
487             383.125807      9387.737610     384.719063      0.050077        24.401540      
488             390.471922      9407.292053     384.730846      0.050079        24.451619      
489             375.252099      9426.078674     384.711478      0.050064        24.501683      
490             383.231844      9445.269775     384.708460      0.050077        24.551760      
491             395.214824      9465.062134     384.729847      0.050080        24.601840      
492             355.521832      9482.865601     384.670515      0.050077        24.651917      
493             354.754962      9500.630310     384.609870      0.050076        24.701993      
494             387.534301      9520.036865     384.615786      0.050077        24.752070      
495             384.613258      9539.297913     384.615781      0.050079        24.802149      
496             393.365165      9558.996460     384.633411      0.050077        24.852226      
497             370.235421      9577.537109     384.604457      0.050078        24.902304      
498             415.418841      9598.340454     384.666300      0.050078        24.952382      
499             405.147221      9618.629822     384.707322      0.050079        25.002461      
500             383.019433      9637.810669     384.703948      0.050078        25.052539      
501             379.900246      9656.835693     384.694365      0.050079        25.102618      
502             392.712660      9676.496460     384.710325      0.050064        25.152682      
503             377.301457      9696.870361     384.694453      0.053999        25.206681      
504             386.590522      9716.230042     384.698213      0.050078        25.256759      
505             399.849867      9736.253723     384.728195      0.050078        25.306837      
506             356.937075      9754.128418     384.673310      0.050078        25.356915      
507             347.729877      9771.541687     384.600495      0.050077        25.406992      
508             379.395935      9790.541077     384.590256      0.050078        25.457070      
509             386.911481      9809.916443     384.594813      0.050077        25.507147      
510             384.872012      9829.190063     384.595357      0.050078        25.557225      
511             383.662439      9848.402344     384.593532      0.050076        25.607301      
512             400.116243      9868.438965     384.623829      0.050077        25.657378      
513             416.278315      9889.285767     384.685493      0.050079        25.707457      
514             391.997094      9908.923645     384.699714      0.050097        25.757554      
515             371.025205      9927.503845     384.673179      0.050078        25.807632      
516             388.522164      9946.949768     384.680629      0.050051        25.857683      
517             382.609679      9966.108948     384.676627      0.050075        25.907758      
518             383.451577      9985.310669     384.674263      0.050076        25.957834      
519             395.315924      10005.107300    384.694754      0.050078        26.007912      
520             378.778971      10024.076172    384.683385      0.050079        26.057991      
521             350.295188      10041.617554    384.617427      0.050076        26.108067      
522             365.352867      10059.912964    384.580548      0.050076        26.158143      
523             379.894972      10078.936584    384.571595      0.050076        26.208219      
524             390.310787      10098.482178    384.582540      0.050077        26.258296      
525             390.566254      10118.040955    384.593930      0.050078        26.308374      
526             386.695323      10137.408203    384.597923      0.050084        26.358458      
527             409.544923      10157.918213    384.645232      0.050080        26.408538      
528             398.997360      10177.898804    384.672395      0.050077        26.458615      
529             379.717149      10196.911621    384.663035      0.050071        26.508686      
530             386.706308      10216.277100    384.666888      0.050078        26.558764      
531             381.224138      10235.368042    384.660409      0.050078        26.608842      
532             382.425629      10254.518005    384.656211      0.050075        26.658917      
533             394.151411      10274.256714    384.674014      0.050079        26.708996      
534             378.397980      10293.205750    384.662269      0.050077        26.759073      
535             363.474673      10311.407471    384.622693      0.050077        26.809150      
536             359.783939      10329.424011    384.576384      0.050076        26.859226      
537             382.365833      10348.572510    384.572270      0.050079        26.909305      
538             384.685166      10367.837158    384.572480      0.050079        26.959384      
539             380.221064      10386.877869    384.564412      0.050078        27.009462      
540             375.701747      10405.692261    384.548010      0.050078        27.059540      
541             413.831425      10426.415283    384.602101      0.050076        27.109616      
542             408.555692      10446.870850    384.646259      0.050068        27.159684      
543             384.737465      10466.136963    384.646427      0.050076        27.209760      
544             381.852727      10485.259766    384.641295      0.050079        27.259839      
545             390.218895      10504.801147    384.651522      0.050078        27.309917      
546             377.209625      10523.690674    384.637901      0.050077        27.359994      
547             366.516875      10542.044006    384.604796      0.050075        27.410069      
548             417.240550      10562.937744    384.664311      0.050076        27.460145      
549             369.218880      10581.427856    384.636194      0.050079        27.510224      
550             339.330801      10598.421204    384.553871      0.050079        27.560303      
551             366.479069      10616.774109    384.521087      0.050079        27.610382      
552             392.724752      10636.440979    384.535940      0.050078        27.660460      
553             377.989908      10655.369202    384.524110      0.050076        27.710536      
554             384.453598      10674.622253    384.523983      0.050079        27.760615      
555             394.901813      10694.394592    384.542667      0.050069        27.810684      
556             415.799794      10715.224915    384.598871      0.050097        27.860781      
557             391.463796      10734.828247    384.611188      0.050077        27.910858      
558             392.357718      10754.475952    384.625061      0.050076        27.960934      
559             380.127772      10773.511230    384.617021      0.050076        28.011010      
560             385.202686      10792.801025    384.618066      0.050077        28.061087      
561             385.669885      10812.113831    384.619940      0.050076        28.111163      
562             391.676784      10831.729004    384.632490      0.050080        28.161243      
563             391.452323      10851.332153    384.644595      0.050078        28.211321      
564             336.415514      10868.178833    384.559137      0.050077        28.261398      
565             351.699883      10885.791260    384.501015      0.050078        28.311476      
566             382.860102      10904.963745    384.498118      0.050077        28.361553      
567             382.618775      10924.124146    384.494805      0.050077        28.411630      
568             385.840224      10943.437378    384.497171      0.050055        28.461685      
569             380.439230      10962.489014    384.490044      0.050078        28.511763      
570             414.404798      10983.241577    384.542494      0.050078        28.561841      
571             410.113932      11003.778442    384.587249      0.050076        28.611917      
572             389.860765      11023.300720    384.596462      0.050075        28.661992      
573             381.276847      11042.393921    384.590672      0.050077        28.712069      
574             383.616646      11061.604675    384.588976      0.050078        28.762147      
575             390.278359      11081.148254    384.598865      0.050076        28.812223      
576             384.945610      11100.426331    384.599466      0.050080        28.862303      
577             391.602742      11120.036621    384.611596      0.050077        28.912380      
578             364.238995      11138.277710    384.576369      0.050080        28.962460      
579             338.742801      11155.241272    384.497257      0.050078        29.012538      
580             367.323704      11173.636108    384.467665      0.050078        29.062616      
581             387.653152      11193.044739    384.473143      0.050067        29.112683      
582             389.343334      11212.542664    384.481506      0.050079        29.162762      
583             339.155435      11229.526550    384.403808      0.050077        29.212839      
584             444.383131      11251.779480    384.506447      0.050076        29.262915      
585             407.867919      11272.205505    384.546359      0.050080        29.312995      
586             393.573458      11291.913696    384.561754      0.050075        29.363070      
587             385.457421      11311.216248    384.563279      0.050077        29.413147      
588             383.466733      11330.419495    384.561415      0.050078        29.463225      
589             387.143858      11349.806885    384.565797      0.050078        29.513303      
590             387.156082      11369.193726    384.570184      0.050075        29.563378      
591             400.377072      11389.243408    384.596914      0.050077        29.613455      
592             377.478535      11408.147156    384.584897      0.050079        29.663534      
593             333.640247      11424.854858    384.499038      0.050077        29.713611      
594             358.594951      11442.810425    384.455460      0.050072        29.763683      
595             385.794208      11462.129456    384.457708      0.050076        29.813759      
596             390.865353      11481.702820    384.468453      0.050077        29.863836      
597             383.898542      11500.927307    384.467499      0.050077        29.913913      
598             388.685643      11520.391907    384.474548      0.050078        29.963991      
599             413.403207      11541.103821    384.522837      0.050101        30.014092      
600             391.821620      11560.725464    384.534995      0.050078        30.064170      
601             394.967277      11580.503845    384.552343      0.050076        30.114246      
602             383.258999      11599.695923    384.550196      0.050076        30.164322      
603             387.298270      11619.090271    384.554750      0.050076        30.214398      
604             381.788132      11638.209839    384.550172      0.050079        30.264477      
605             386.463362      11657.563538    384.553333      0.050079        30.314556      
606             385.711377      11676.879578    384.555243      0.050079        30.364635      
607             349.409104      11694.366455    384.497410      0.050047        30.414682      
608             355.263223      11712.156616    384.449357      0.050076        30.464758      
609             373.210796      11730.845520    384.430914      0.050076        30.514834      
610             389.213843      11750.336182    384.438750      0.050077        30.564911      
611             386.875722      11769.710144    384.442736      0.050078        30.614989      
612             384.814728      11788.980896    384.443344      0.050078        30.665067      
613             406.229875      11809.323669    384.478864      0.050077        30.715144      
614             413.673788      11830.040039    384.526387      0.050079        30.765223      
615             387.921454      11849.466370    384.531904      0.050078        30.815301      
616             378.404318      11868.415344    384.521963      0.050076        30.865377      
617             391.893529      11888.040588    384.533903      0.050078        30.915455      
618             391.607413      11907.650330    384.545342      0.050075        30.965530      
619             371.978835      11926.280518    384.525050      0.050084        31.015614      
620             397.060083      11946.161316    384.545253      0.050070        31.065684      
621             363.737939      11964.376221    384.511766      0.050077        31.115761      
622             333.444016      11981.074097    384.429711      0.050077        31.165838      
623             382.038298      12000.205811    384.425875      0.050078        31.215916      
624             382.124833      12019.341858    384.422189      0.050078        31.265994      
625             386.615713      12038.702026    384.425697      0.050076        31.316070      
626             378.654679      12057.662781    384.416484      0.050074        31.366144      
627             401.978105      12077.792236    384.444476      0.050076        31.416220      
628             413.063833      12098.477234    384.490022      0.050077        31.466297      
629             390.161349      12118.014954    384.499033      0.050076        31.516373      
630             384.440556      12137.266968    384.498941      0.050078        31.566451      
631             390.163787      12156.804810    384.507913      0.050076        31.616527      
632             389.794752      12176.324951    384.516274      0.050078        31.666605      
633             386.782696      12195.693481    384.519852      0.050076        31.716681      
634             391.162746      12215.281738    384.530324      0.050077        31.766758      
635             370.407272      12233.830994    384.508095      0.050078        31.816836      
636             345.084227      12251.112122    384.446141      0.050078        31.866914      
637             358.927378      12269.086487    384.406102      0.050078        31.916992      
638             383.430513      12288.287537    384.404574      0.050077        31.967069      
639             384.784629      12307.556396    384.405168      0.050077        32.017146      
640             393.911752      12327.281921    384.420014      0.050076        32.067222      
641             390.380031      12346.832153    384.429307      0.050080        32.117302      
642             416.169614      12367.682251    384.478742      0.050100        32.167402      
643             400.249236      12387.724731    384.503254      0.050075        32.217477      
644             383.747758      12406.941284    384.502081      0.050076        32.267553      
645             382.010896      12426.070862    384.498221      0.050076        32.317629      
646             378.858411      12445.034241    384.489500      0.050054        32.367683      
647             386.896049      12464.408447    384.493217      0.050076        32.417759      
648             394.677841      12484.172729    384.508925      0.050077        32.467836      
649             377.215630      12504.106689    384.497074      0.052845        32.520681      
650             354.928489      12521.880798    384.451612      0.050078        32.570759      
651             367.312712      12540.275452    384.425301      0.050079        32.620838      
652             378.830915      12559.245789    384.416726      0.050076        32.670914      
653             389.246453      12578.737305    384.424117      0.050075        32.720989      
654             386.239488      12598.078247    384.426891      0.050075        32.771064      
655             386.883035      12617.452576    384.430639      0.050078        32.821142      
656             403.965296      12637.681946    384.460398      0.050077        32.871219      
657             410.413222      12658.234619    384.499876      0.050078        32.921297      
658             374.206756      12676.973022    384.484244      0.050075        32.971372      
659             379.546800      12695.980347    384.476756      0.050079        33.021451      
660             381.031863      12715.061279    384.471539      0.050077        33.071528      
661             393.240845      12734.753601    384.484798      0.050077        33.121605      
662             387.530953      12754.161926    384.489397      0.050082        33.171687      
663             389.257261      12773.655151    384.496584      0.050078        33.221765      
664             360.204682      12791.693481    384.460022      0.050078        33.271843      
665             348.522114      12809.146423    384.406013      0.050077        33.321920      
666             372.111275      12827.780640    384.387564      0.050077        33.371997      
667             382.761708      12846.947815    384.385128      0.050076        33.422073      
668             384.973172      12866.226501    384.386008      0.050078        33.472151      
669             383.636843      12885.437500    384.384889      0.050076        33.522227      
670             415.660395      12906.253357    384.431542      0.050079        33.572306      
671             409.537257      12926.762573    384.468936      0.050079        33.622385      
672             381.608983      12945.871643    384.464683      0.050075        33.672460      
673             383.548739      12965.078613    384.463322      0.050077        33.722537      
674             392.597304      12984.738708    384.475383      0.050077        33.772614      
675             380.866592      13003.807556    384.470041      0.050067        33.822681      
676             389.874447      13023.331299    384.478031      0.050077        33.872758      
677             386.219187      13042.671997    384.480601      0.050077        33.922835      
678             374.368052      13061.420349    384.465694      0.050080        33.972915      
679             355.364604      13079.215942    384.422862      0.050077        34.022992      
680             364.797071      13097.483521    384.394018      0.050076        34.073068      
681             385.781629      13116.802307    384.396055      0.050077        34.123145      
682             387.095106      13136.187256    384.400010      0.050078        34.173223      
683             385.857588      13155.509460    384.402143      0.050076        34.223299      
684             384.829602      13174.788269    384.402767      0.050097        34.273396      
685             412.714320      13195.456177    384.444074      0.050078        34.323474      
686             397.482984      13215.360535    384.463069      0.050076        34.373550      
687             382.548409      13234.517029    384.460284      0.050076        34.423626      
688             386.134514      13253.845764    384.462715      0.050057        34.473683      
689             378.776784      13272.814148    384.454467      0.050078        34.523761      
690             387.482685      13292.218506    384.458854      0.050078        34.573839      
691             385.497257      13311.523438    384.460355      0.050078        34.623917      
692             393.118569      13331.210815    384.472861      0.050080        34.673997      
693             352.148779      13348.844666    384.426247      0.050075        34.724072      
694             358.397199      13366.792480    384.388762      0.050078        34.774150      
695             378.652715      13385.754272    384.380514      0.050077        34.824227      
696             381.398129      13404.855835    384.376231      0.050083        34.874310      
697             391.158369      13424.443481    384.385955      0.050076        34.924386      
698             371.765017      13443.060730    384.367884      0.050078        34.974464      
699             415.681114      13463.877625    384.412657      0.050079        35.024543      
700             407.910636      13484.304565    384.446205      0.050077        35.074620      
701             394.519995      13504.055420    384.460564      0.050063        35.124683      
702             382.623650      13523.216064    384.457948      0.050077        35.174760      
703             379.373997      13542.214355    384.450721      0.050078        35.224838      
704             384.239814      13561.455933    384.450421      0.050077        35.274915      
705             345.578649      13578.761475    384.395316      0.050077        35.324992      
706             434.398023      13600.515259    384.466102      0.050078        35.375070      
707             364.039119      13618.746338    384.437224      0.050080        35.425150      
708             341.079029      13635.827576    384.376016      0.050080        35.475230      
709             368.357290      13654.273804    384.353436      0.050077        35.525307      
710             378.379455      13673.222290    384.345026      0.050078        35.575385      
711             389.838629      13692.744629    384.352749      0.050078        35.625463      
712             392.059286      13712.378174    384.363566      0.050078        35.675541      
713             394.150647      13732.115662    384.377285      0.050076        35.725617      
714             415.093189      13752.898132    384.420271      0.050067        35.775684      
715             388.119431      13772.332825    384.425441      0.050074        35.825758      
716             392.825069      13792.003540    384.437165      0.050075        35.875833      
717             383.155397      13811.190430    384.435379      0.050076        35.925909      
718             388.501275      13830.645020    384.441038      0.050076        35.975985      
719             372.368447      13849.292114    384.424257      0.050077        36.026062      
720             259.196329      13862.281738    384.250297      0.050115        36.076177      
