1               282.666638      15.048889       282.666638      0.053239        0.053239       
2               403.258515      35.259399       341.141862      0.050118        0.103357       
3               408.939568      55.743591       363.273495      0.050091        0.153448       
4               380.924781      74.825256       367.617612      0.050093        0.203541       
5               384.798668      94.101746       371.010998      0.050095        0.253636       
6               388.092339      113.538574      373.827697      0.050083        0.303719       
7               379.269441      132.531250      374.597932      0.050077        0.353796       
8               382.928574      151.708313      375.630919      0.050080        0.403876       
9               360.138497      169.745850      373.921658      0.050085        0.453961       
10              387.523437      190.380310      375.349581      0.053247        0.507208       
11              405.336475      210.678345      378.044169      0.050077        0.557285       
12              394.905042      230.452820      379.434272      0.050074        0.607359       
13              383.903771      249.677185      379.774708      0.050076        0.657435       
14              383.240858      268.866821      380.020016      0.050072        0.707507       
15              385.420021      288.167114      380.376954      0.050076        0.757583       
16              382.879716      307.339050      380.532120      0.050073        0.807656       
17              390.517739      326.894226      381.115089      0.050075        0.857731       
18              409.567533      347.403320      382.684539      0.050075        0.907806       
19              400.791635      367.472961      383.631121      0.050075        0.957881       
20              381.768034      386.590759      383.538559      0.050077        1.007958       
21              397.149053      406.476807      384.182685      0.050072        1.058030       
22              387.606274      425.885803      384.337394      0.050074        1.108104       
23              384.231502      445.125427      384.332815      0.050073        1.158177       
24              389.660382      464.622864      384.553451      0.050037        1.208214       
25              413.499141      485.335449      385.705731      0.050091        1.258305       
26              393.328329      505.030579      385.997455      0.050073        1.308378       
27              391.175433      524.619080      386.188328      0.050076        1.358454       
28              383.960193      543.845886      386.109115      0.050075        1.408529       
29              385.367539      563.142395      386.083658      0.050073        1.458602       
30              386.622623      582.502136      386.101546      0.050074        1.508676       
31              384.741861      601.767700      386.057867      0.050074        1.558750       
32              409.716599      622.287537      386.794364      0.050083        1.608833       
33              400.168790      642.325989      387.198078      0.050075        1.658908       
34              392.906353      662.001953      387.365346      0.050078        1.708986       
35              378.092799      680.936462      387.101365      0.050079        1.759065       
36              394.989147      700.715149      387.319686      0.050074        1.809139       
37              384.417378      719.962158      387.241527      0.050068        1.859207       
38              385.808398      739.281128      387.203941      0.050074        1.909281       
39              410.060267      759.818176      387.788168      0.050083        1.959364       
40              399.196786      779.807556      388.072464      0.050074        2.009438       
41              386.714840      799.173462      388.039453      0.050078        2.059516       
42              389.520699      818.678711      388.074613      0.050075        2.109591       
43              384.548909      837.934998      387.992864      0.050075        2.159666       
44              384.650569      857.213684      387.917058      0.050120        2.209786       
45              394.004385      876.943848      388.051946      0.050076        2.259862       
46              412.986398      897.625793      388.592520      0.050079        2.309941       
47              398.805520      917.595581      388.809216      0.050074        2.360015       
48              392.589299      937.254883      388.887757      0.050076        2.410091       
49              381.996270      956.383728      388.747483      0.050076        2.460167       
50              385.745261      975.686035      388.687636      0.050039        2.510206       
51              387.479139      995.087891      388.664001      0.050072        2.560278       
52              379.693196      1014.104065     388.491885      0.050083        2.610361       
53              409.880229      1034.638245     388.894640      0.050098        2.660459       
54              400.110961      1054.673401     389.101849      0.050074        2.710533       
55              392.707689      1074.339417     389.167259      0.050078        2.760611       
56              384.713937      1093.604736     389.087916      0.050077        2.810688       
57              389.115576      1113.090088     389.088400      0.050076        2.860764       
58              371.840695      1131.710754     388.791677      0.050077        2.910841       
59              391.183965      1151.299683     388.832136      0.050076        2.960917       
60              412.845307      1171.974976     389.231532      0.050080        3.010997       
61              403.118467      1192.161133     389.458704      0.050075        3.061072       
62              392.941698      1211.838867     389.514767      0.050078        3.111150       
63              386.262942      1231.173645     389.463276      0.050056        3.161206       
64              384.165322      1250.410339     389.380664      0.050074        3.211280       
65              384.942232      1269.686707     389.312515      0.050076        3.261356       
66              387.990926      1289.116516     389.292529      0.050078        3.311434       
67              406.555735      1309.477234     389.549722      0.050081        3.361515       
68              392.871919      1329.149902     389.598484      0.050074        3.411589       
69              374.620291      1347.908264     389.381824      0.050073        3.461662       
70              382.215343      1367.048462     389.279631      0.050077        3.511739       
71              384.039063      1386.279602     389.205953      0.050076        3.561815       
72              390.508722      1405.834717     389.224015      0.050076        3.611891       
73              369.393356      1424.332458     388.952838      0.050076        3.661967       
74              407.537243      1444.741516     389.203559      0.050079        3.712046       
75              380.499522      1463.795410     389.087704      0.050076        3.762122       
76              347.841157      1481.214600     388.545879      0.050078        3.812200       
77              369.513956      1499.718750     388.299117      0.050077        3.862277       
78              387.542099      1519.124146     388.289428      0.050073        3.912350       
79              387.193068      1538.512451     388.275574      0.050074        3.962424       
80              376.195140      1557.349670     388.124819      0.050073        4.012497       
81              401.221378      1577.440430     388.286243      0.050074        4.062571       
82              412.661911      1598.105713     388.583055      0.050078        4.112649       
83              385.925019      1617.430908     388.551081      0.050075        4.162724       
84              387.542832      1636.837891     388.539096      0.050077        4.212801       
85              380.458365      1655.889343     388.444173      0.050075        4.262876       
86              380.896235      1674.962341     388.356540      0.050074        4.312950       
87              392.845855      1694.652954     388.408114      0.050123        4.363073       
88              379.979347      1713.680420     388.312474      0.050075        4.413148       
89              393.451743      1733.376221     388.370116      0.050059        4.463207       
90              346.381459      1750.721619     387.904241      0.050076        4.513283       
91              359.261191      1768.712341     387.589921      0.050077        4.563360       
92              386.651468      1788.073914     387.579735      0.050075        4.613435       
93              387.848048      1807.494629     387.582616      0.050073        4.663508       
94              386.578337      1826.851379     387.571947      0.050072        4.713580       
95              384.253941      1846.092896     387.537069      0.050075        4.763655       
96              404.130003      1866.331726     387.709694      0.050080        4.813735       
97              410.843368      1886.904297     387.947861      0.050074        4.863809       
98              385.455752      1906.205994     387.922465      0.050075        4.913884       
99              379.015217      1925.185181     387.832611      0.050075        4.963959       
100             386.025362      1944.515015     387.814563      0.050074        5.014033       
101             378.696371      1963.477478     387.724403      0.050073        5.064106       
102             383.717117      1982.691345     387.685168      0.050073        5.114179       
103             392.310367      2002.340210     387.730025      0.050085        5.164264       
104             353.950765      2020.065002     387.405619      0.050077        5.214341       
105             352.598815      2037.721741     387.074531      0.050076        5.264417       
106             387.863462      2057.143616     387.081964      0.050074        5.314491       
107             383.616294      2076.352051     387.049616      0.050072        5.364563       
108             392.131863      2095.986877     387.096615      0.050072        5.414635       
109             378.504509      2114.940491     387.017882      0.050075        5.464710       
110             407.854900      2135.366272     387.207108      0.050081        5.514791       
111             409.045492      2155.848816     387.403615      0.050074        5.564865       
112             387.225558      2175.239136     387.402027      0.050075        5.614940       
113             387.101233      2194.623230     387.399368      0.050075        5.665015       
114             382.406451      2213.771851     387.355621      0.050074        5.715089       
115             378.096661      2232.704285     387.275203      0.050073        5.765162       
116             377.837204      2251.613525     387.193979      0.050046        5.815208       
117             398.599302      2271.575378     387.291362      0.050080        5.865288       
118             374.438671      2290.324646     387.182565      0.050073        5.915361       
119             337.566807      2307.227966     386.766089      0.050074        5.965435       
120             383.370105      2326.426758     386.737818      0.050079        6.015514       
121             384.458348      2345.678894     386.718999      0.050076        6.065590       
122             384.526116      2364.933655     386.701044      0.050074        6.115664       
123             371.789728      2383.551025     386.579942      0.050075        6.165739       
124             409.458037      2404.056274     386.764264      0.050079        6.215818       
125             412.563821      2424.715820     386.970450      0.050076        6.265894       
126             392.336300      2444.362061     387.012992      0.050075        6.315969       
127             381.012066      2463.442383     386.965786      0.050078        6.366047       
128             381.922825      2482.567932     386.926427      0.050077        6.416124       
129             383.204151      2501.757263     386.897600      0.050076        6.466200       
130             376.894922      2520.640076     386.820694      0.050101        6.516301       
131             396.445757      2540.835815     386.895356      0.050942        6.567243       
132             390.204782      2560.388977     386.920416      0.050110        6.617353       
133             339.155704      2577.984375     386.548854      0.051880        6.669233       
134             363.961383      2596.223572     386.380397      0.050113        6.719346       
135             389.836978      2615.765320     386.405993      0.050128        6.769474       
136             395.318157      2635.576294     386.471484      0.050114        6.819588       
137             380.197425      2654.631409     386.425711      0.050119        6.869707       
138             396.530002      2674.503906     386.498890      0.050116        6.919823       
139             404.835156      2694.793030     386.630736      0.050117        6.969940       
140             402.418133      2715.432251     386.746058      0.051288        7.021228       
141             381.121144      2734.534424     386.706189      0.050121        7.071349       
142             375.127827      2753.340332     386.624683      0.050132        7.121481       
143             387.299108      2772.755249     386.629397      0.050129        7.171610       
144             386.544218      2792.130005     386.628806      0.050123        7.221733       
145             390.293745      2812.280090     386.654820      0.051628        7.273361       
146             383.022025      2831.481750     386.629952      0.050132        7.323493       
147             352.531701      2849.370972     386.395309      0.050745        7.374238       
148             352.851201      2867.056580     386.168852      0.050122        7.424360       
149             392.849663      2886.748169     386.213655      0.050125        7.474485       
150             385.719341      2906.079651     386.210362      0.050118        7.524603       
151             388.167274      2925.532654     386.223309      0.050115        7.574718       
152             379.981709      2945.486633     386.180336      0.052513        7.627231       
153             412.426001      2966.157837     386.351679      0.050121        7.677352       
154             395.145563      2986.261658     386.409572      0.050877        7.728229       
155             394.745463      3006.053406     386.463303      0.050138        7.778367       
156             380.303186      3025.115723     386.423862      0.050124        7.828491       
157             381.682221      3044.246399     386.393696      0.050122        7.878613       
158             384.352081      3063.508972     386.380791      0.050117        7.928730       
159             390.421664      3083.619202     386.406873      0.051509        7.980239       
160             383.213588      3102.825867     386.386943      0.050120        8.030359       
161             350.387931      3121.701965     386.147052      0.053872        8.084231       
162             361.338306      3139.811157     385.994201      0.050117        8.134348       
163             388.126082      3159.269470     386.007260      0.050134        8.184482       
164             386.582377      3178.643433     386.010760      0.050116        8.234598       
165             384.593818      3197.920044     386.002188      0.050122        8.284720       
166             358.405137      3217.094360     385.825122      0.053499        8.338219       
167             435.780273      3238.932617     386.123560      0.050113        8.388332       
168             400.882679      3259.736023     386.214306      0.051894        8.440226       
169             388.278702      3279.201599     386.226495      0.050133        8.490359       
170             389.513277      3298.725952     386.245786      0.050125        8.540484       
171             380.501591      3317.796692     386.212272      0.050120        8.590604       
172             382.394207      3336.983704     386.190101      0.050176        8.640780       
173             384.857645      3356.402466     386.182366      0.050457        8.691237       
174             391.651382      3376.040649     386.213737      0.050142        8.741379       
175             357.071746      3394.199890     386.045174      0.050856        8.792235       
176             345.364230      3411.511963     385.814555      0.050127        8.842362       
177             386.143691      3430.871277     385.816411      0.050135        8.892497       
178             385.325982      3450.183044     385.813662      0.050118        8.942615       
179             383.070516      3469.385986     385.798371      0.050129        8.992744       
180             383.695070      3489.525757     385.786166      0.052489        9.045233       
181             406.398636      3510.360596     385.902336      0.051267        9.096500       
182             393.071555      3530.304260     385.942102      0.050738        9.147238       
183             389.410603      3549.828918     385.961010      0.050139        9.197377       
184             378.997517      3568.828064     385.923262      0.050130        9.247507       
185             391.993649      3588.476746     385.955988      0.050125        9.297632       
186             385.786322      3607.811584     385.955078      0.050118        9.347750       
187             377.841498      3627.645996     385.909770      0.052494        9.400244       
188             405.752406      3647.984741     386.015018      0.050126        9.450370       
189             371.618777      3666.611389     385.939065      0.050123        9.500493       
190             363.198282      3685.036438     385.818281      0.050730        9.551223       
191             374.582747      3703.806030     385.759644      0.050108        9.601331       
192             385.711847      3723.142151     385.759396      0.050131        9.651462       
193             385.831425      3742.480408     385.759768      0.050121        9.701583       
194             381.968388      3762.209839     385.739689      0.051652        9.753235       
195             413.836643      3782.960022     385.883396      0.050141        9.803376       
196             397.734830      3802.898071     385.943689      0.050129        9.853505       
197             373.776852      3821.855286     385.881385      0.050718        9.904223       
198             386.017185      3841.197449     385.882068      0.050107        9.954330       
199             388.843154      3860.691711     385.896907      0.050134        10.004464      
200             375.524728      3879.517517     385.845191      0.050132        10.054596      
201             351.564594      3897.140747     385.675130      0.050128        10.104724      
202             429.010094      3918.649597     385.889081      0.050136        10.154860      
203             377.940226      3937.596497     385.850033      0.050132        10.204992      
204             343.960886      3955.563293     385.636712      0.052235        10.257227      
205             379.916287      3974.598999     385.608904      0.050105        10.307332      
206             386.148861      3993.953552     385.611517      0.050122        10.357454      
207             384.608430      4013.230896     385.606687      0.050122        10.407576      
208             374.019895      4031.998840     385.551090      0.050179        10.457755      
209             402.614988      4052.174683     385.632468      0.050112        10.507867      
210             410.411371      4072.742859     385.750087      0.050116        10.557983      
211             389.363976      4093.088684     385.767885      0.052254        10.610237      
212             383.517506      4112.309814     385.757305      0.050118        10.660355      
213             385.785679      4131.648865     385.757438      0.050129        10.710484      
214             381.404568      4150.762573     385.737166      0.050114        10.760598      
215             385.918927      4170.124512     385.738009      0.050171        10.810769      
216             395.609331      4189.951660     385.783561      0.050118        10.860887      
217             369.827673      4208.487793     385.710266      0.050121        10.911008      
218             348.719725      4226.004333     385.540753      0.050231        10.961239      
219             377.041856      4244.908081     385.502055      0.050137        11.011376      
220             388.643099      4264.388428     385.516289      0.050124        11.061500      
221             385.003069      4283.686707     385.513974      0.050125        11.111625      
222             385.003633      4302.981934     385.511682      0.050117        11.161742      
223             385.908433      4322.466064     385.513469      0.050489        11.212231      
224             415.556128      4343.303711     385.647229      0.050144        11.262375      
225             389.454859      4363.500061     385.664681      0.051858        11.314233      
226             381.982878      4382.650391     385.648439      0.050134        11.364367      
227             389.269583      4402.163696     385.664341      0.050128        11.414495      
228             385.591527      4421.489929     385.664023      0.050121        11.464616      
229             384.708063      4440.769958     385.659862      0.050116        11.514732      
230             386.624719      4460.683838     385.664159      0.051507        11.566239      
231             385.015614      4479.987366     385.661360      0.050137        11.616376      
232             349.950138      4498.484680     385.499602      0.052857        11.669233      
233             366.405782      4516.848938     385.417944      0.050120        11.719353      
234             385.492695      4536.174072     385.418262      0.050131        11.769484      
235             380.824938      4555.261780     385.398784      0.050122        11.819606      
236             388.895892      4574.752075     385.413550      0.050117        11.869723      
237             364.475454      4594.248596     385.319614      0.053492        11.923215      
238             429.565595      4615.781860     385.504855      0.050128        11.973343      
239             401.960002      4637.039917     385.577218      0.052886        12.026229      
240             382.341979      4656.202515     385.563791      0.050119        12.076348      
241             386.101794      4675.555481     385.566015      0.050124        12.126472      
242             385.304430      4694.878113     385.564937      0.050149        12.176621      
243             384.869296      4714.166992     385.562086      0.050118        12.226739      
244             384.985531      4734.381042     385.559621      0.052506        12.279245      
245             389.046939      4753.891357     385.573805      0.050149        12.329394      
246             348.843835      4771.627625     385.422963      0.050843        12.380237      
247             351.674062      4789.259155     385.286842      0.050136        12.430373      
248             384.644823      4808.541016     385.284263      0.050129        12.480502      
249             383.334341      4827.754883     385.276463      0.050123        12.530625      
250             386.217853      4847.112122     385.280214      0.050120        12.580745      
251             386.020250      4866.990234     385.283230      0.051495        12.632240      
252             415.436253      4887.827271     385.402481      0.050157        12.682397      
253             404.352464      4908.786072     385.479615      0.051833        12.734230      
254             386.632699      4928.166809     385.484136      0.050127        12.784357      
255             383.225006      4947.379028     385.475311      0.050133        12.834490      
256             378.431610      4966.343750     385.447915      0.050114        12.884604      
257             390.442835      4985.914307     385.467271      0.050124        12.934728      
258             380.472618      5005.512451     385.447460      0.051510        12.986238      
259             394.651327      5025.301453     385.482862      0.050143        13.036381      
260             346.053364      5043.590027     385.323661      0.052849        13.089230      
261             357.352940      5061.495911     385.216995      0.050107        13.139337      
262             391.000725      5081.097168     385.238978      0.050131        13.189468      
263             384.279867      5100.356506     385.235347      0.050118        13.239586      
264             389.717844      5119.891113     385.252254      0.050125        13.289711      
265             369.194742      5139.654846     385.187832      0.053532        13.343243      
266             408.463611      5160.130310     385.274948      0.050128        13.393371      
267             406.504994      5181.618164     385.358407      0.052860        13.446231      
268             383.730818      5200.845764     385.352365      0.050107        13.496338      
269             395.708545      5220.688965     385.390701      0.050146        13.546484      
270             383.660167      5239.915710     385.384323      0.050114        13.596598      
271             385.577745      5259.241638     385.385033      0.050122        13.646720      
272             380.920888      5278.865540     385.368244      0.051517        13.698237      
273             401.309682      5298.990417     385.426391      0.050148        13.748385      
274             360.378420      5318.397156     385.328664      0.053851        13.802236      
275             352.095355      5336.039246     385.208454      0.050106        13.852342      
276             375.752513      5354.873840     385.174361      0.050125        13.902467      
277             388.546487      5374.345459     385.186473      0.050114        13.952581      
278             378.487613      5393.318665     385.162491      0.050129        14.002710      
279             384.351171      5412.739929     385.159574      0.050530        14.053240      
280             408.561639      5433.227661     385.242782      0.050146        14.103386      
281             408.286287      5454.395264     385.327181      0.051845        14.155231      
282             381.976638      5473.539551     385.315360      0.050119        14.205350      
283             384.362218      5492.806091     385.312009      0.050126        14.255476      
284             388.979469      5512.300964     385.324857      0.050118        14.305594      
285             372.263065      5530.959534     385.279253      0.050122        14.355716      
286             383.383285      5551.096741     385.272341      0.052525        14.408241      
287             400.208745      5571.166809     385.324148      0.050149        14.458390      
288             369.321487      5590.682495     385.265875      0.052842        14.511232      
289             346.460257      5608.044312     385.132328      0.050112        14.561344      
290             375.698854      5626.873962     385.099970      0.050119        14.611463      
291             392.492365      5646.548035     385.125244      0.050126        14.661589      
292             379.925307      5665.590271     385.107528      0.050121        14.711710      
293             384.594685      5685.793030     385.105703      0.052530        14.764240      
294             402.957413      5705.997314     385.166123      0.050140        14.814380      
295             409.798901      5727.244568     385.252034      0.051848        14.866228      
296             394.958224      5747.037109     385.284642      0.050113        14.916341      
297             374.804643      5765.822693     385.249546      0.050121        14.966462      
298             388.422255      5785.292358     385.260137      0.050125        15.016587      
299             384.644227      5804.572266     385.258088      0.050124        15.066711      
300             370.403888      5823.287292     385.208441      0.050526        15.117237      
301             404.002315      5843.544373     385.270570      0.050141        15.167378      
302             373.780689      5862.287231     385.232709      0.050144        15.217522      
303             314.786167      5879.188416     384.985031      0.053691        15.271213      
304             404.743042      5899.465637     385.049638      0.050099        15.321312      
305             386.474410      5918.838440     385.054284      0.050127        15.371439      
306             383.957851      5938.080872     385.050721      0.050116        15.421555      
307             374.607183      5957.442444     385.015837      0.051685        15.473240      
308             413.891801      5978.197876     385.109118      0.050147        15.523387      
309             409.594939      5998.731689     385.187939      0.050132        15.573519      
310             380.853239      6019.187317     385.173041      0.053710        15.627229      
311             399.291693      6039.197021     385.218172      0.050113        15.677342      
312             373.255610      6057.908325     385.180042      0.050130        15.727472      
313             387.032132      6077.306763     385.185926      0.050121        15.777593      
314             364.163045      6096.843018     385.114686      0.053647        15.831240      
315             417.779342      6117.780029     385.217762      0.050115        15.881355      
316             375.149920      6136.586670     385.186082      0.050131        15.931486      
317             339.882301      6154.172180     385.039427      0.051740        15.983226      
318             375.255303      6172.975098     385.008850      0.050107        16.033333      
319             385.862694      6192.315308     385.011511      0.050122        16.083455      
320             385.988413      6211.657959     385.014545      0.050112        16.133567      
321             360.124198      6229.739075     384.937326      0.050208        16.183775      
322             425.501293      6251.068604     385.062582      0.050128        16.233903      
323             407.398252      6271.489441     385.131335      0.050125        16.284028      
324             368.463678      6291.086182     385.077074      0.053185        16.337213      
325             405.294586      6311.391846     385.138885      0.050101        16.387314      
326             386.814549      6330.780151     385.143995      0.050123        16.437437      
327             384.293624      6350.039795     385.141410      0.050117        16.487554      
328             371.918212      6368.721619     385.101247      0.050231        16.537785      
329             403.586583      6388.948975     385.157098      0.050119        16.587904      
330             381.059104      6408.051086     385.144752      0.050129        16.638033      
331             325.586632      6425.366760     384.954982      0.053183        16.691216      
332             387.631590      6444.789429     384.962993      0.050106        16.741322      
333             391.545321      6464.430908     384.982658      0.050164        16.791486      
334             384.083050      6483.690369     384.979979      0.050144        16.841630      
335             386.100576      6503.043274     384.983305      0.050124        16.891754      
336             397.786306      6522.977539     385.021175      0.050113        16.941867      
337             410.849898      6543.569336     385.097360      0.050120        16.991987      
338             392.432396      6564.465576     385.120274      0.053248        17.045235      
339             375.684870      6583.300537     385.092603      0.050135        17.095370      
340             388.226890      6602.761963     385.101767      0.050129        17.145499      
341             379.492739      6621.782898     385.085418      0.050122        17.195621      
342             383.131527      6640.987366     385.079739      0.050125        17.245746      
343             396.591551      6660.958130     385.113254      0.050356        17.296102      
344             381.099342      6680.065308     385.101653      0.050137        17.346239      
345             345.409482      6697.679810     384.985304      0.050996        17.397235      
346             364.114672      6715.935791     384.925329      0.050138        17.447373      
347             382.343379      6735.101135     384.917932      0.050126        17.497499      
348             383.770114      6754.335693     384.914654      0.050120        17.547619      
349             393.729003      6774.068604     384.939757      0.050118        17.597737      
350             360.403392      6793.340454     384.865426      0.053473        17.651210      
351             436.518166      6815.216125     385.011659      0.050114        17.701324      
352             391.123662      6836.299255     385.030215      0.053904        17.755228      
353             388.687639      6855.779114     385.040510      0.050117        17.805345      
354             390.996120      6875.378967     385.057230      0.050128        17.855473      
355             380.799419      6894.466919     385.045310      0.050126        17.905599      
356             385.508657      6913.787842     385.046603      0.050118        17.955717      
357             390.452485      6933.514282     385.061771      0.050522        18.006239      
358             382.257316      6952.680664     385.053984      0.050140        18.056379      
359             347.058591      6970.677734     384.945177      0.051856        18.108235      
360             356.237666      6988.537354     384.865918      0.050134        18.158369      
361             384.921956      7007.832336     384.866072      0.050127        18.208496      
362             394.842895      7027.623047     384.893460      0.050123        18.258619      
363             386.656661      7047.001892     384.898287      0.050119        18.308738      
364             373.273308      7066.599487     384.865047      0.052502        18.361240      
365             420.691787      7087.691711     384.962608      0.050137        18.411377      
366             398.232037      7109.136108     385.001305      0.053849        18.465226      
367             385.160595      7128.476562     385.001737      0.050214        18.515440      
368             388.909319      7147.970642     385.012287      0.050125        18.565565      
369             384.926258      7167.263916     385.012055      0.050122        18.615687      
370             374.478944      7186.031677     384.983774      0.050117        18.665804      
371             385.054516      7205.837341     384.983969      0.051436        18.717240      
372             396.003515      7225.690186     385.013405      0.050133        18.767373      
373             356.194290      7244.518616     384.932462      0.052860        18.820233      
374             356.296727      7262.380127     384.856388      0.050131        18.870364      
375             376.110110      7281.233398     384.833216      0.050127        18.920491      
376             394.478891      7301.006653     384.858702      0.050125        18.970616      
377             382.543809      7320.179749     384.852602      0.050120        19.020736      
378             373.749930      7340.177612     384.821458      0.053506        19.074242      
379             413.605490      7360.914551     384.896919      0.050137        19.124379      
380             404.264526      7381.887390     384.949315      0.051879        19.176258      
381             382.427396      7401.056946     384.942740      0.050126        19.226384      
382             390.552933      7420.638489     384.957332      0.050138        19.276522      
383             382.865192      7439.829224     384.951906      0.050124        19.326646      
384             383.403562      7459.045410     384.947902      0.050120        19.376766      
385             378.160434      7478.511597     384.929918      0.051476        19.428242      
386             409.900950      7499.082886     384.994255      0.050186        19.478428      
387             343.055524      7517.535156     384.878764      0.053788        19.532216      
388             387.355029      7536.945129     384.885101      0.050109        19.582325      
389             378.592536      7555.927002     384.869031      0.050138        19.632463      
390             384.045894      7575.173462     384.866935      0.050115        19.682578      
391             389.033202      7594.669861     384.877516      0.050115        19.732693      
392             362.332739      7614.063721     384.816528      0.053525        19.786218      
393             436.731303      7635.950073     384.947685      0.050114        19.836332      
394             381.772838      7655.764465     384.939399      0.051901        19.888233      
395             380.255416      7674.824768     384.927624      0.050125        19.938358      
396             388.056867      7694.277283     384.935471      0.050128        19.988486      
397             387.102027      7713.676514     384.940890      0.050114        20.038600      
398             382.098550      7732.841431     384.933793      0.050157        20.088757      
399             383.171608      7752.952576     384.929201      0.052486        20.141243      
400             401.960031      7773.108459     384.971496      0.050144        20.191387      
401             364.751132      7792.018982     384.919710      0.051845        20.243232      
402             345.423010      7809.331238     384.822164      0.050119        20.293351      
403             380.537490      7828.409485     384.811604      0.050135        20.343486      
404             387.158815      7847.813110     384.817373      0.050118        20.393604      
405             380.943981      7866.907166     384.807876      0.050123        20.443727      
406             361.677771      7886.254395     384.747512      0.053493        20.497220      
407             439.675213      7908.294434     384.881515      0.050128        20.547348      
408             398.073833      7928.946106     384.914740      0.051879        20.599227      
409             391.334249      7948.559387     384.930321      0.050119        20.649346      
410             381.628333      7967.687744     384.922326      0.050123        20.699469      
411             370.968063      7986.278809     384.888623      0.050115        20.749584      
412             396.559271      8006.157532     384.916749      0.050128        20.799712      
413             372.360119      8025.716492     384.885119      0.052527        20.852239      
414             399.005148      8045.725403     384.918995      0.050147        20.902386      
415             359.640511      8064.370605     384.856452      0.051844        20.954230      
416             353.282392      8082.074646     384.781121      0.050113        21.004343      
417             381.993016      8101.222046     384.774483      0.050125        21.054468      
418             389.707920      8120.752258     384.786198      0.050115        21.104583      
419             380.634041      8139.830017     384.776361      0.050121        21.154704      
420             382.993622      8159.568359     384.772028      0.051537        21.206241      
421             412.144612      8180.237000     384.836607      0.050149        21.256390      
422             405.069689      8201.234192     384.885827      0.051836        21.308226      
423             386.282763      8220.591980     384.889105      0.050113        21.358339      
424             376.843166      8239.479736     384.870268      0.050121        21.408460      
425             390.877573      8259.070129     384.884299      0.050119        21.458579      
426             380.549518      8278.145935     384.874196      0.050127        21.508706      
427             372.519921      8296.968994     384.845241      0.050529        21.559235      
428             403.581808      8317.226379     384.888762      0.050194        21.609429      
429             368.439387      8335.693298     384.850697      0.050122        21.659551      
430             350.649707      8354.162720     384.767728      0.052672        21.712223      
431             378.111356      8373.115173     384.752397      0.050124        21.762347      
432             388.365467      8392.581604     384.760700      0.050124        21.812471      
433             381.610067      8411.709045     384.753476      0.050123        21.862594      
434             387.679486      8431.731140     384.760372      0.051646        21.914240      
435             407.281642      8452.152649     384.811785      0.050141        21.964381      
436             406.071004      8472.506958     384.860190      0.050125        22.014506      
437             388.833770      8492.619385     384.869504      0.051725        22.066231      
438             376.937066      8511.507324     384.851532      0.050109        22.116340      
439             380.470009      8530.578003     384.841624      0.050124        22.166464      
440             385.701022      8549.907410     384.843563      0.050115        22.216579      
441             359.741723      8567.997742     384.786873      0.050287        22.266866      
442             417.057339      8588.911499     384.859384      0.050146        22.317012      
443             374.902595      8607.708740     384.837065      0.050139        22.367151      
444             347.598170      8626.157166     384.748912      0.053074        22.420225      
445             377.106766      8645.048706     384.731874      0.050096        22.470321      
446             385.300633      8664.362671     384.733140      0.050127        22.520448      
447             385.437572      8683.679260     384.734704      0.050116        22.570564      
448             382.451765      8702.903198     384.729631      0.050265        22.620829      
449             406.363178      8723.269714     384.777457      0.050119        22.670948      
450             414.888058      8744.063904     384.843877      0.050120        22.721068      
451             385.452251      8764.171021     384.845271      0.052165        22.773233      
452             376.874072      8783.065979     384.827760      0.050136        22.823369      
453             388.435318      8802.535522     384.835666      0.050123        22.873492      
454             378.401651      8821.501770     384.821598      0.050122        22.923614      
455             381.053509      8840.598267     384.813378      0.050115        22.973729      
456             395.327319      8860.410095     384.836263      0.050115        23.023844      
457             381.736420      8879.542725     384.829530      0.050120        23.073964      
458             337.561783      8896.513306     384.726766      0.050274        23.124238      
459             359.208919      8914.523682     384.671557      0.050139        23.174377      
460             392.420352      8934.193359     384.688281      0.050124        23.224501      
461             380.038996      8953.239014     384.678270      0.050115        23.274616      
462             385.607027      8972.567566     384.680266      0.050125        23.324741      
463             392.553112      8992.407593     384.697288      0.050541        23.375282      
464             407.396124      9012.832397     384.745868      0.050135        23.425417      
465             399.897342      9033.952576     384.779951      0.052814        23.478231      
466             385.023102      9053.258789     384.780469      0.050143        23.528374      
467             385.948366      9072.604065     384.782952      0.050124        23.578498      
468             386.139119      9091.958130     384.785829      0.050122        23.628620      
469             386.632717      9111.334229     384.789738      0.050115        23.678735      
470             394.786842      9132.064880     384.811859      0.052511        23.731246      
471             389.805279      9151.627258     384.822396      0.050185        23.781431      
472             344.611664      9169.135254     384.736676      0.050805        23.832236      
473             355.481916      9186.959473     384.675255      0.050141        23.882377      
474             389.243233      9206.474182     384.684825      0.050135        23.932512      
475             386.045050      9225.827393     384.687668      0.050132        23.982644      
476             386.536912      9245.201782     384.691525      0.050123        24.032767      
477             384.151370      9265.359741     384.690348      0.052474        24.085241      
478             412.434678      9286.038391     384.747983      0.050138        24.135379      
479             396.520646      9306.995300     384.773707      0.052852        24.188231      
480             383.783860      9326.230164     384.771660      0.050119        24.238350      
481             386.885982      9345.622437     384.776023      0.050124        24.288474      
482             385.463597      9364.941101     384.777439      0.050118        24.338592      
483             382.238860      9384.103882     384.772221      0.050133        24.388725      
484             388.047146      9404.482178     384.779257      0.052515        24.441240      
485             387.225555      9423.896118     384.784265      0.050136        24.491376      
486             319.976030      9441.124268     384.642103      0.053842        24.545218      
487             390.607949      9460.699585     384.654259      0.050115        24.595333      
488             384.177496      9479.956482     384.653289      0.050125        24.645458      
489             389.712602      9499.488098     384.663557      0.050118        24.695576      
490             388.574908      9518.965027     384.671479      0.050124        24.745700      
491             364.543647      9538.475403     384.628041      0.053520        24.799220      
492             436.395643      9560.346680     384.732450      0.050118        24.849338      
493             399.884555      9580.697205     384.763417      0.050891        24.900229      
494             381.367874      9599.836914     384.756587      0.050187        24.950416      
495             380.271807      9618.897278     384.747596      0.050123        25.000539      
496             387.773316      9638.333252     384.753650      0.050122        25.050661      
497             375.543348      9657.154358     384.735260      0.050117        25.100778      
498             391.856616      9677.711548     384.750113      0.052461        25.153239      
499             390.856754      9697.310669     384.762263      0.050144        25.203383      
500             351.901856      9716.262695     384.692194      0.053856        25.257239      
501             358.349067      9734.220642     384.640030      0.050113        25.307352      
502             383.639466      9753.454407     384.638052      0.050135        25.357487      
503             394.766180      9773.241272     384.658032      0.050123        25.407610      
504             379.862657      9792.281128     384.648591      0.050123        25.457733      
505             392.929931      9813.305237     384.665960      0.053506        25.511239      
506             412.509691      9833.981873     384.720559      0.050124        25.561363      
507             390.622646      9854.241516     384.732511      0.051865        25.613228      
508             387.456120      9873.665466     384.737831      0.050132        25.663360      
509             375.926306      9892.511780     384.720652      0.050133        25.713493      
510             389.109167      9912.014709     384.729189      0.050122        25.763615      
511             378.233844      9930.972168     384.716578      0.050121        25.813736      
512             388.441744      9950.974976     384.723994      0.051495        25.865231      
513             392.726579      9970.665894     384.739477      0.050139        25.915370      
514             333.526082      9988.624939     384.633288      0.053846        25.969216      
515             380.060028      10007.667847    384.624481      0.050105        26.019321      
516             388.666878      10027.150940    384.632254      0.050128        26.069449      
517             386.258021      10046.509033    384.635374      0.050117        26.119566      
518             382.559640      10065.682922    384.631398      0.050120        26.169686      
519             382.335625      10086.158142    384.626710      0.053553        26.223239      
520             409.233464      10106.665649    384.673643      0.050112        26.273351      
521             404.437328      10127.646240    384.712589      0.051876        26.325227      
522             387.280091      10147.058655    384.717469      0.050125        26.375352      
523             377.078544      10165.959717    384.702979      0.050125        26.425477      
524             392.409743      10185.627686    384.717568      0.050121        26.475598      
525             381.058511      10204.744629    384.710648      0.050168        26.525766      
526             378.879042      10225.007080    384.698914      0.053480        26.579246      
527             393.817035      10244.746765    384.716077      0.050124        26.629370      
528             338.174099      10262.955750    384.622159      0.053845        26.683215      
529             375.983725      10281.795166    384.605967      0.050107        26.733322      
530             377.865096      10300.733765    384.593353      0.050120        26.783442      
531             390.606000      10320.308594    384.604582      0.050114        26.833556      
532             382.193088      10339.464111    384.600086      0.050120        26.883676      
533             356.198951      10358.536072    384.543634      0.053543        26.937219      
534             434.673698      10380.328003    384.636759      0.050134        26.987353      
535             412.351221      10402.130249    384.690951      0.052873        27.040226      
536             389.172200      10421.632446    384.699240      0.050112        27.090338      
537             377.928704      10440.575745    384.686736      0.050124        27.140462      
538             387.753116      10460.009155    384.692388      0.050118        27.190580      
539             380.227031      10479.066895    384.684172      0.050122        27.240702      
540             357.748722      10498.212891    384.631358      0.053518        27.294220      
541             419.661901      10519.250122    384.695577      0.050129        27.344349      
542             338.717981      10537.496521    384.605178      0.053869        27.398218      
543             377.820151      10556.428711    384.592792      0.050109        27.448327      
544             376.392798      10575.298035    384.577843      0.050132        27.498459      
545             389.716725      10594.829468    384.587191      0.050117        27.548576      
546             384.982274      10614.125549    384.587909      0.050122        27.598698      
547             376.061964      10633.508911    384.572016      0.051543        27.650241      
548             410.915450      10654.117554    384.619712      0.050153        27.700394      
549             405.703144      10674.740662    384.658331      0.050833        27.751227      
550             390.593090      10694.314453    384.669029      0.050113        27.801340      
551             385.473853      10713.635559    384.670477      0.050123        27.851463      
552             386.562891      10733.008545    384.673876      0.050116        27.901579      
553             383.591108      10752.236816    384.671934      0.050127        27.951706      
554             371.922508      10771.401611    384.648474      0.051529        28.003235      
555             408.221216      10791.872681    384.690612      0.050147        28.053382      
556             360.600766      10810.931152    384.645312      0.052852        28.106234      
557             346.443206      10828.292114    384.577321      0.050112        28.156346      
558             383.068127      10847.490723    384.574639      0.050118        28.206464      
559             381.018038      10866.591919    384.568329      0.050132        28.256596      
560             393.911349      10886.335938    384.584873      0.050123        28.306719      
561             373.138727      10905.560791    384.564078      0.051522        28.358241      
562             411.168837      10926.180908    384.611044      0.050150        28.408391      
563             415.687383      10947.015991    384.665776      0.050122        28.458513      
564             384.542327      10967.285217    384.665548      0.052710        28.511223      
565             377.879889      10986.222290    384.653642      0.050114        28.561337      
566             380.890834      11005.317871    384.647048      0.050134        28.611471      
567             381.293148      11024.428284    384.641184      0.050120        28.661591      
568             378.905595      11044.755432    384.630468      0.053647        28.715238      
569             409.660477      11065.288025    384.674081      0.050121        28.765359      
570             360.415228      11083.354919    384.631879      0.050128        28.815487      
571             347.156767      11101.317505    384.564708      0.051742        28.867229      
572             364.229253      11119.569397    384.529469      0.050111        28.917340      
573             386.168577      11138.936523    384.532307      0.050152        28.967492      
574             388.825164      11158.427551    384.539723      0.050128        29.017620      
575             366.031084      11178.053772    384.505585      0.053619        29.071239      
576             415.389853      11198.868958    384.558729      0.050110        29.121349      
577             405.153644      11219.181335    384.594124      0.050135        29.171484      
578             393.406985      11239.928833    384.610028      0.052738        29.224222      
579             386.642063      11259.303467    384.613506      0.050110        29.274332      
580             387.655558      11278.734314    384.618706      0.050124        29.324456      
581             382.658185      11297.914673    384.615360      0.050124        29.374580      
582             373.162740      11317.565796    384.594866      0.052661        29.427241      
583             408.521487      11338.046204    384.635558      0.050133        29.477374      
584             384.181291      11357.304443    384.634787      0.050128        29.527502      
585             350.201944      11375.767090    384.573418      0.052720        29.580222      
586             380.699161      11394.847351    384.566865      0.050119        29.630341      
587             390.199861      11414.409241    384.576380      0.050133        29.680474      
588             384.245989      11433.665344    384.575823      0.050114        29.730588      
589             374.942998      11453.404968    384.558795      0.052647        29.783235      
590             418.021916      11474.362915    384.615031      0.050136        29.833371      
591             396.096144      11494.223572    384.634295      0.050141        29.883512      
592             374.497054      11513.588440    384.616784      0.051709        29.935221      
593             391.467578      11533.206055    384.628234      0.050113        29.985334      
594             373.878848      11551.942993    384.610298      0.050115        30.035449      
595             390.327665      11571.509338    384.619824      0.050128        30.085577      
596             356.257890      11589.408447    384.572540      0.050242        30.135819      
597             424.464905      11610.684326    384.638781      0.050124        30.185943      
598             376.323602      11629.549805    384.624995      0.050131        30.236074      
599             343.992928      11647.489380    384.555034      0.052151        30.288225      
600             374.349283      11666.249146    384.538176      0.050113        30.338338      
601             374.247807      11685.007568    384.521203      0.050123        30.388461      
602             394.954195      11704.816101    384.538393      0.050154        30.438615      
603             384.615737      11724.093811    384.538520      0.050122        30.488737      
604             388.283208      11743.554565    384.544666      0.050120        30.538857      
605             412.493018      11764.227478    384.590457      0.050117        30.588974      
606             396.149871      11784.138367    384.609419      0.050261        30.639235      
607             384.542178      11803.419312    384.609309      0.050140        30.689375      
608             379.799198      11822.457886    384.601465      0.050128        30.739503      
609             384.848593      11841.745728    384.601867      0.050118        30.789621      
610             382.644229      11860.924622    384.598686      0.050122        30.839743      
611             395.349702      11880.892944    384.616264      0.050508        30.890251      
612             380.768743      11899.981262    384.610030      0.050131        30.940382      
613             338.853762      11917.542358    384.533517      0.051825        30.992207      
614             369.270228      11936.093018    384.508816      0.050236        31.042443      
615             389.585689      11955.622559    384.517002      0.050129        31.092572      
616             394.511591      11975.395874    384.533087      0.050121        31.142693      
617             381.810137      11994.529907    384.528712      0.050114        31.192807      
618             394.604088      12015.599792    384.545930      0.053395        31.246202      
619             404.619376      12035.883362    384.578083      0.050130        31.296332      
620             397.886228      12056.933533    384.600542      0.052905        31.349237      
621             379.600347      12075.964417    384.592558      0.050134        31.399371      
622             381.637753      12095.095154    384.587848      0.050128        31.449499      
623             387.110069      12114.497498    384.591862      0.050121        31.499620      
624             384.770545      12133.780273    384.592145      0.050115        31.549735      
625             383.947848      12153.936768    384.591075      0.052498        31.602233      
626             392.997473      12173.631836    384.604385      0.050115        31.652348      
627             328.645089      12191.334961    384.509313      0.053867        31.706215      
628             387.924478      12210.776184    384.514703      0.050116        31.756331      
629             372.955140      12229.468323    384.496488      0.050119        31.806450      
630             394.614291      12249.267700    384.512424      0.050174        31.856624      
631             385.608906      12268.593262    384.514146      0.050117        31.906741      
632             394.455596      12288.904175    384.530163      0.051491        31.958232      
633             408.118652      12309.361938    384.567104      0.050127        32.008359      
634             390.255090      12329.606812    384.576308      0.051876        32.060235      
635             383.867315      12348.850464    384.575201      0.050131        32.110366      
636             386.182228      12368.210938    384.577706      0.050133        32.160499      
637             387.599607      12387.637817    384.582408      0.050121        32.210620      
638             381.768393      12406.771667    384.578037      0.050119        32.260739      
639             388.936907      12426.802307    384.584984      0.051501        32.312240      
640             380.679351      12445.888428    384.578933      0.050137        32.362377      
641             357.383960      12464.063904    384.536264      0.050857        32.413234      
642             354.462603      12481.854736    384.489768      0.050191        32.463425      
643             385.670840      12501.188416    384.491589      0.050130        32.513555      
644             384.042897      12520.436646    384.490898      0.050120        32.563675      
645             395.218588      12540.246582    384.507385      0.050124        32.613799      
646             376.256109      12559.601196    384.494392      0.051440        32.665239      
647             415.276912      12580.424011    384.541571      0.050142        32.715381      
648             372.106411      12600.456360    384.521142      0.053835        32.769216      
649             415.418302      12621.275879    384.568324      0.050117        32.819333      
650             383.892723      12640.519653    384.567293      0.050128        32.869461      
651             384.976465      12659.813904    384.567916      0.050118        32.919579      
652             381.260619      12678.926880    384.562888      0.050131        32.969710      
653             370.158743      12697.629150    384.540847      0.050525        33.020235      
654             410.456070      12718.211060    384.580142      0.050144        33.070379      
655             366.080274      12737.192322    384.551182      0.051850        33.122229      
656             365.133116      12755.491333    384.521846      0.050116        33.172345      
657             381.217067      12774.600220    384.516860      0.050126        33.222471      
658             385.811025      12793.934753    384.518809      0.050114        33.272585      
659             384.806445      12813.221252    384.519242      0.050120        33.322705      
660             386.208582      12833.124512    384.521850      0.051535        33.374240      
661             406.193109      12853.494690    384.554365      0.050149        33.424389      
662             392.327608      12874.225281    384.566634      0.052840        33.477229      
663             376.651210      12893.100403    384.554803      0.050113        33.527342      
664             386.717922      12912.486572    384.558033      0.050130        33.577472      
665             384.904888      12931.775696    384.558550      0.050114        33.627586      
666             382.780058      12950.960632    384.555903      0.050120        33.677706      
667             379.681701      12971.286133    384.548167      0.053533        33.731239      
668             399.022356      12991.289124    384.569646      0.050130        33.781369      
669             368.732740      13010.414185    384.545368      0.051867        33.833236      
670             344.217186      13027.663940    384.485723      0.050113        33.883349      
671             375.016181      13046.460876    384.471736      0.050123        33.933472      
672             389.089074      13065.961243    384.478545      0.050118        33.983590      
673             387.360601      13085.374207    384.482789      0.050116        34.033706      
674             387.535677      13106.121704    384.487584      0.053537        34.087243      
675             405.495136      13126.448364    384.518432      0.050128        34.137371      
676             382.887290      13147.063782    384.515863      0.053842        34.191213      
677             409.132411      13167.562134    384.551882      0.050102        34.241315      
678             382.657434      13186.744751    384.549113      0.050130        34.291445      
679             380.514910      13205.814636    384.543226      0.050116        34.341561      
680             391.300084      13225.428162    384.553073      0.050124        34.391685      
681             373.857568      13245.451599    384.536443      0.053559        34.445244      
682             400.249377      13265.514099    384.559275      0.050125        34.495369      
683             368.686428      13285.003601    384.534988      0.052862        34.548231      
684             354.331734      13302.775818    384.491203      0.050157        34.598388      
685             375.652477      13321.605774    384.478416      0.050126        34.648514      
686             385.318601      13340.916016    384.479629      0.050115        34.698629      
687             386.109894      13360.268616    384.481981      0.050122        34.748751      
688             383.886326      13379.650269    384.481117      0.050488        34.799239      
689             408.153138      13400.123230    384.515189      0.050160        34.849399      
690             405.541695      13421.142456    384.546414      0.051830        34.901229      
691             382.860544      13440.325684    384.543997      0.050105        34.951334      
692             386.544622      13459.696594    384.546862      0.050113        35.001447      
693             374.309339      13478.456604    384.532223      0.050119        35.051566      
694             386.394440      13497.823853    384.534882      0.050123        35.101689      
695             374.841468      13517.519897    384.520394      0.052545        35.154234      
696             407.914895      13538.024963    384.553798      0.050268        35.204502      
697             366.148837      13556.378174    384.527630      0.050125        35.254627      
698             352.976481      13574.944031    384.480628      0.052598        35.307225      
699             375.753009      13593.775269    384.468257      0.050116        35.357341      
700             384.684522      13613.058350    384.468563      0.050127        35.407468      
701             384.418336      13632.325012    384.468492      0.050119        35.457587      
702             381.420242      13652.789734    384.463887      0.053654        35.511241      
703             406.970875      13673.183044    384.495602      0.050110        35.561351      
704             408.850803      13693.677917    384.529885      0.050128        35.611479      
705             385.485018      13714.394653    384.531324      0.053742        35.665221      
706             389.780548      13733.923828    384.538688      0.050103        35.715324      
707             380.881047      13753.017395    384.533561      0.050130        35.765454      
708             382.601325      13772.214417    384.530854      0.050175        35.815629      
709             364.345017      13790.532227    384.502558      0.050276        35.865905      
710             135.439236      13797.343872    384.153798      0.050293        35.916198      
