1               275.082382      14.783752       275.082382      0.053743        0.053743       
2               407.178240      35.195190       338.832317      0.050129        0.103872       
3               408.217071      55.648499       361.410210      0.050104        0.153976       
4               372.482107      74.307617       364.128080      0.050094        0.204070       
5               379.496615      93.316223       367.156871      0.050089        0.254159       
6               375.127513      112.102234      368.468876      0.050079        0.304238       
7               376.153724      130.939636      369.555049      0.050079        0.354317       
8               371.917140      149.565247      369.847567      0.050080        0.404397       
9               342.137611      166.700867      366.793918      0.050084        0.454481       
10              401.444990      186.810852      370.234062      0.050094        0.504575       
11              398.414253      206.761047      372.778185      0.050074        0.554649       
12              372.864330      225.426636      372.785316      0.050060        0.604709       
13              373.513071      244.130676      372.840973      0.050076        0.654785       
14              373.978982      262.857300      372.921818      0.050074        0.704859       
15              372.733267      281.521545      372.909312      0.050074        0.754933       
16              361.150782      299.604004      372.177962      0.050069        0.805002       
17              397.398234      319.505310      373.655022      0.050079        0.855081       
18              407.482758      339.913269      375.526721      0.050083        0.905164       
19              377.141024      358.797852      375.611342      0.050073        0.955237       
20              371.500326      377.402588      375.406551      0.050080        1.005317       
21              377.191561      396.290833      375.491246      0.050076        1.055393       
22              376.868992      415.162170      375.553653      0.050074        1.105467       
23              360.478340      433.212402      374.900395      0.050073        1.155540       
24              401.515646      453.318298      376.005855      0.050075        1.205615       
25              391.249783      472.910522      376.613771      0.050076        1.255691       
26              391.151056      492.497803      377.171274      0.050076        1.305767       
27              377.989160      511.425232      377.201480      0.050074        1.355841       
28              372.621000      530.084229      377.038336      0.050075        1.405916       
29              371.463174      548.684875      376.846596      0.050074        1.455990       
30              377.423815      567.583618      376.865787      0.050073        1.506063       
31              388.320549      587.028381      377.234383      0.050074        1.556137       
32              399.392923      607.028381      377.925208      0.050076        1.606213       
33              382.982655      626.206238      378.078111      0.050075        1.656288       
34              379.855696      645.228271      378.130278      0.050077        1.706365       
35              373.964045      663.954895      378.011499      0.050076        1.756441       
36              373.276755      682.646729      377.880256      0.050075        1.806516       
37              375.678127      701.458435      377.820862      0.050074        1.856590       
38              379.258034      720.449402      377.858606      0.050074        1.906664       
39              401.339234      740.534424      378.459149      0.050045        1.956709       
40              387.618099      759.943237      378.687678      0.050072        2.006781       
41              374.291916      778.686279      378.580659      0.050076        2.056857       
42              376.273352      797.527039      378.525825      0.050072        2.106929       
43              377.874584      816.448730      378.510707      0.050074        2.157003       
44              372.666965      835.128662      378.377993      0.050125        2.207128       
45              371.037103      853.710571      378.215119      0.050081        2.257209       
46              403.273610      873.910950      378.759134      0.050091        2.307300       
47              385.271321      893.203796      378.897468      0.050076        2.357376       
48              371.851777      911.824646      378.750914      0.050076        2.407452       
49              384.621674      931.084961      378.870540      0.050076        2.457528       
50              378.030603      950.014465      378.853768      0.050074        2.507602       
51              375.713286      968.828308      378.792282      0.050075        2.557677       
52              374.087661      987.545410      378.702015      0.050034        2.607711       
53              403.868257      1007.770325     379.176197      0.050078        2.657789       
54              394.266339      1027.512817     379.455245      0.050074        2.707863       
55              378.585679      1046.471252     379.439456      0.050077        2.757940       
56              375.741891      1065.285400     379.373521      0.050072        2.808012       
57              374.930768      1084.060059     379.295682      0.050075        2.858087       
58              372.580904      1102.716675     379.180064      0.050074        2.908161       
59              367.717437      1121.130493     378.986029      0.050076        2.958237       
60              405.920719      1141.458191     379.434398      0.050078        3.008315       
61              400.424753      1161.509460     379.778073      0.050075        3.058390       
62              370.208767      1180.048035     379.623916      0.050076        3.108466       
63              374.980567      1198.825562     379.550299      0.050076        3.158542       
64              382.618539      1217.984802     379.598183      0.050074        3.208616       
65              377.205188      1236.873352     379.561410      0.050075        3.258691       
66              361.992496      1255.000488     379.295517      0.050076        3.308767       
67              401.408528      1275.103027     379.625219      0.050080        3.358847       
68              397.982713      1295.032410     379.894885      0.050076        3.408923       
69              374.528373      1313.787292     379.817193      0.050076        3.458999       
70              385.510664      1333.092896     379.898445      0.050078        3.509077       
71              374.616466      1351.851440     379.824132      0.050074        3.559151       
72              375.816890      1370.670471     379.768535      0.050075        3.609226       
73              355.632794      1388.481628     379.438202      0.050083        3.659309       
74              404.135836      1408.849670     379.773737      0.050399        3.709708       
75              400.134797      1428.885620     380.044907      0.050073        3.759781       
76              377.748509      1447.799866     380.014726      0.050071        3.809852       
77              378.363610      1466.747559     379.993305      0.050078        3.859930       
78              374.107124      1485.480225     379.917925      0.050073        3.910003       
79              377.087609      1504.361755     379.882137      0.050072        3.960075       
80              362.668604      1522.520935     379.667208      0.050071        4.010146       
81              397.091145      1542.404480     379.882090      0.050073        4.060219       
82              399.562230      1562.413757     380.121864      0.050078        4.110297       
83              386.846918      1581.783569     380.202802      0.050071        4.160368       
84              376.943920      1600.659790     380.164042      0.050077        4.210445       
85              373.430621      1619.358582     380.084906      0.050073        4.260518       
86              375.921076      1638.181702     380.036538      0.050072        4.310590       
87              379.182840      1658.702698     380.025953      0.054119        4.364709       
88              377.263138      1677.593018     379.994618      0.050072        4.414781       
89              405.075094      1697.876343     380.275893      0.050073        4.464854       
90              390.177673      1717.414490     380.385714      0.050075        4.514929       
91              373.525405      1736.118774     380.310461      0.050075        4.565004       
92              377.068891      1755.000122     380.275289      0.050074        4.615078       
93              370.789306      1773.566284     380.173474      0.050072        4.665150       
94              379.990868      1792.593567     380.171535      0.050073        4.715223       
95              383.860950      1811.814636     380.210303      0.050073        4.765296       
96              404.516205      1832.071594     380.463070      0.050077        4.815373       
97              384.044144      1851.301453     380.499924      0.050072        4.865445       
98              378.615902      1870.261780     380.480730      0.050078        4.915523       
99              375.659844      1889.072571     380.432115      0.050074        4.965597       
100             377.451850      1907.972717     380.402362      0.050073        5.015670       
101             371.643820      1926.569031     380.315847      0.050038        5.065708       
102             390.097439      1946.101990     380.411587      0.050072        5.115780       
103             404.356996      1966.351379     380.643715      0.050078        5.165858       
104             385.248845      1985.641174     380.687922      0.050071        5.215929       
105             375.326229      2004.434509     380.636940      0.050072        5.266001       
106             374.571200      2023.191162     380.579804      0.050075        5.316076       
107             373.765674      2041.907104     380.516218      0.050074        5.366150       
108             373.635252      2060.616516     380.452602      0.050074        5.416224       
109             367.975586      2079.045837     380.338286      0.050083        5.466307       
110             407.948106      2099.480774     380.588999      0.050092        5.516399       
111             393.878729      2119.203857     380.708549      0.050074        5.566473       
112             373.704281      2137.917847     380.646099      0.050077        5.616550       
113             375.276928      2156.709839     380.598652      0.050075        5.666625       
114             380.886530      2175.783875     380.601174      0.050078        5.716703       
115             373.642417      2194.494019     380.540749      0.050075        5.766778       
116             371.731552      2213.107361     380.464918      0.050072        5.816850       
117             409.194420      2233.598999     380.710143      0.050078        5.866928       
118             400.157279      2253.636475     380.874719      0.050074        5.917002       
119             377.281756      2272.529236     380.844567      0.050076        5.967078       
120             374.201881      2291.267395     380.789286      0.050075        6.017153       
121             374.022706      2309.996582     380.733439      0.050075        6.067228       
122             376.740797      2328.861877     380.700756      0.050075        6.117303       
123             372.577121      2347.518677     380.634798      0.050075        6.167378       
124             398.227582      2367.461914     380.776503      0.050080        6.217458       
125             403.077025      2387.645996     380.954675      0.050075        6.267533       
126             377.250066      2406.537170     380.925311      0.050076        6.317609       
127             380.840800      2425.608154     380.924646      0.050076        6.367685       
128             370.698655      2444.171631     380.844854      0.050077        6.417762       
129             379.763877      2463.187927     380.836485      0.050074        6.467836       
130             363.091891      2481.384277     380.700051      0.050115        6.517951       
131             406.348902      2501.732605     380.895603      0.050076        6.568027       
132             393.922056      2521.458252     380.994166      0.050075        6.618102       
133             377.274443      2540.350647     380.966232      0.050076        6.668178       
134             386.514146      2559.707275     381.007588      0.050080        6.718258       
135             374.835868      2578.476807     380.961928      0.050074        6.768332       
136             377.781947      2597.393860     380.938574      0.050074        6.818406       
137             346.598894      2614.748413     380.688239      0.050071        6.868477       
138             414.809192      2635.520813     380.935209      0.050077        6.918554       
139             402.433806      2655.677917     381.089733      0.050088        6.968642       
140             380.110105      2674.708130     381.082745      0.050065        7.018707       
141             384.022711      2693.937683     381.103571      0.050074        7.068781       
142             369.716702      2712.449768     381.023481      0.050071        7.118852       
143             383.699881      2731.661621     381.042174      0.050070        7.168922       
144             375.632185      2750.470276     381.004649      0.050072        7.218994       
145             390.518462      2770.023926     381.070182      0.050071        7.269065       
146             399.426047      2790.023987     381.195759      0.050072        7.319137       
147             390.863923      2809.594543     381.261450      0.050070        7.369207       
148             375.084523      2828.376526     381.219760      0.050074        7.419281       
149             378.115182      2847.309509     381.198948      0.050072        7.469353       
150             376.441362      2866.159058     381.167267      0.050073        7.519426       
151             371.828956      2884.777649     381.105493      0.050073        7.569499       
152             387.109798      2904.161011     381.144950      0.050072        7.619571       
153             398.914002      2924.136230     381.260962      0.050074        7.669645       
154             387.790193      2943.550171     381.303305      0.050063        7.719708       
155             377.652515      2962.461121     381.279776      0.050075        7.769783       
156             372.907436      2981.134460     381.226163      0.050075        7.819858       
157             385.330971      3000.429138     381.252280      0.050073        7.869931       
158             373.714481      3019.142517     381.204623      0.050074        7.920005       
159             373.464811      3037.846008     381.155989      0.050081        7.970086       
160             408.101250      3058.288208     381.324279      0.050091        8.020177       
161             384.842555      3077.558044     381.346108      0.050072        8.070249       
162             382.284561      3096.700562     381.351895      0.050074        8.120323       
163             374.933206      3115.475342     381.312556      0.050075        8.170398       
164             379.591061      3134.482605     381.302070      0.050073        8.220471       
165             379.143716      3153.467468     381.289002      0.050073        8.270544       
166             371.440119      3172.066589     381.229732      0.050073        8.320617       
167             410.457556      3192.623535     381.404606      0.050083        8.370700       
168             387.804598      3212.041687     381.442662      0.050072        8.420772       
169             382.189487      3231.179443     381.447077      0.050074        8.470846       
170             376.260560      3250.020691     381.416597      0.050075        8.520921       
171             372.908922      3268.693359     381.366894      0.050073        8.570994       
172             379.420993      3287.708801     381.355582      0.050117        8.621111       
173             369.527562      3306.212524     381.287278      0.050074        8.671185       
174             404.520769      3326.470520     381.420689      0.050079        8.721264       
175             397.667696      3346.382935     381.513438      0.050073        8.771337       
176             377.822171      3365.302002     381.492485      0.050074        8.821411       
177             377.233222      3384.191956     381.468443      0.050075        8.871486       
178             375.394307      3402.989075     381.434352      0.050073        8.921559       
179             380.009544      3422.018433     381.426399      0.050076        8.971635       
180             356.694264      3439.882751     381.289102      0.050083        9.021718       
181             398.232736      3459.830627     381.382658      0.050091        9.071809       
182             406.560962      3480.188354     381.520870      0.050073        9.121882       
183             377.200971      3499.075562     381.497286      0.050072        9.171954       
184             377.776379      3517.993469     381.477081      0.050077        9.222031       
185             375.319771      3536.787231     381.443829      0.050074        9.272105       
186             366.865486      3555.157654     381.365521      0.050074        9.322179       
187             367.736725      3573.575012     381.292692      0.050083        9.372262       
188             403.740238      3594.749573     381.417607      0.052446        9.424708       
189             392.248362      3614.390625     381.474846      0.050073        9.474781       
190             391.110882      3633.973938     381.525502      0.050071        9.524852       
191             373.838656      3652.693909     381.485301      0.050075        9.574927       
192             376.387933      3671.540405     381.458783      0.050072        9.624999       
193             375.015749      3690.317444     381.425439      0.050070        9.675069       
194             375.249797      3709.106201     381.393644      0.050070        9.725139       
195             389.532313      3728.610474     381.435332      0.050071        9.775210       
196             401.192645      3748.700195     381.536026      0.050075        9.825285       
197             386.767274      3768.066406     381.562551      0.050072        9.875357       
198             376.338771      3786.911194     381.536197      0.050074        9.925431       
199             373.558755      3805.616028     381.496154      0.050072        9.975503       
200             378.264872      3824.556885     381.480015      0.050073        10.025576      
201             381.870135      3843.678650     381.481954      0.050074        10.075650      
202             378.458200      3862.626160     381.467004      0.050065        10.125715      
203             401.106971      3882.716003     381.563673      0.050086        10.175801      
204             382.841930      3901.886047     381.569932      0.050073        10.225874      
205             379.817237      3920.905396     381.561391      0.050075        10.275949      
206             374.149786      3939.640198     381.525451      0.050073        10.326022      
207             382.355257      3958.786255     381.529455      0.050074        10.376096      
208             366.424253      3977.133850     381.456912      0.050072        10.426168      
209             394.060902      3996.865662     381.517155      0.050073        10.476241      
210             404.248063      4017.109192     381.625293      0.050077        10.526318      
211             392.058726      4036.740356     381.674688      0.050072        10.576390      
212             376.774129      4055.606567     381.651596      0.050073        10.626463      
213             377.845795      4074.526062     381.633747      0.050072        10.676535      
214             374.840916      4093.295471     381.602038      0.050073        10.726608      
215             374.392489      4112.053284     381.568520      0.050102        10.776710      
216             384.468828      4131.305176     381.581934      0.050074        10.826784      
217             408.753214      4151.774719     381.707033      0.050078        10.876862      
218             389.864620      4171.296021     381.744414      0.050072        10.926934      
219             378.076684      4190.228210     381.727683      0.050075        10.977009      
220             376.532576      4209.082703     381.704092      0.050074        11.027083      
221             376.076904      4227.914001     381.678655      0.050073        11.077156      
222             373.461239      4246.613953     381.641677      0.050072        11.127228      
223             378.577888      4265.570862     381.627951      0.050074        11.177302      
224             406.567490      4285.930542     381.739188      0.050077        11.227379      
225             387.360757      4305.329956     381.764152      0.050081        11.277460      
226             377.685425      4324.242554     381.746122      0.050075        11.327535      
227             383.558657      4343.448486     381.754099      0.050073        11.377608      
228             374.752105      4362.213074     381.723418      0.050072        11.427680      
229             372.336535      4380.840698     381.682503      0.050029        11.477709      
230             376.629077      4399.699646     381.660552      0.050073        11.527782      
231             397.462800      4419.604980     381.728906      0.050081        11.577863      
232             406.607693      4439.965454     381.836043      0.050074        11.627937      
233             380.743872      4459.030823     381.831360      0.050074        11.678011      
234             376.729617      4477.895935     381.809577      0.050076        11.728087      
235             381.045567      4496.977173     381.806329      0.050076        11.778163      
236             373.790052      4515.694336     381.772392      0.050074        11.828237      
237             368.658487      4534.154541     381.717110      0.050074        11.878311      
238             407.086296      4554.541016     381.823617      0.050079        11.928390      
239             395.817370      4574.360779     381.882114      0.050073        11.978463      
240             382.404660      4593.508545     381.884290      0.050072        12.028535      
241             371.241950      4612.100342     381.840165      0.050080        12.078615      
242             381.248496      4631.190979     381.837722      0.050074        12.128689      
243             375.772819      4650.008179     381.812785      0.050076        12.178765      
244             357.753877      4667.921631     381.714273      0.050072        12.228837      
245             396.204440      4688.870544     381.776655      0.052874        12.281711      
246             410.405280      4709.426514     381.892934      0.050087        12.331798      
247             379.069810      4728.408813     381.881516      0.050076        12.381874      
248             377.536496      4747.314331     381.864014      0.050076        12.431950      
249             377.162528      4766.200745     381.845153      0.050075        12.482025      
250             374.601839      4784.958557     381.816211      0.050074        12.532099      
251             363.281806      4803.148804     381.742452      0.050072        12.582171      
252             405.420833      4823.449036     381.836309      0.050072        12.632243      
253             404.277617      4843.693237     381.924916      0.050075        12.682318      
254             381.133026      4862.779236     381.921802      0.050077        12.732395      
255             383.861111      4882.001465     381.929399      0.050076        12.782471      
256             377.093052      4900.884399     381.910527      0.050075        12.832546      
257             374.567376      4919.641235     381.881983      0.050076        12.882622      
258             381.541928      4938.751526     381.880666      0.050087        12.932709      
259             377.532702      4957.659119     381.863893      0.050082        12.982791      
260             405.250334      4977.957703     381.953774      0.050089        13.032880      
261             387.378291      4997.356445     381.974537      0.050077        13.082957      
262             378.768037      5016.322876     381.962311      0.050074        13.133031      
263             373.721344      5035.037720     381.931007      0.050077        13.183108      
264             382.037124      5054.167847     381.931409      0.050074        13.233182      
265             377.312006      5073.062500     381.913994      0.050077        13.283259      
266             373.253690      5091.756165     381.881464      0.050083        13.333342      
267             389.265901      5111.254883     381.909102      0.050091        13.383433      
268             403.187462      5131.444092     381.988418      0.050074        13.433507      
269             372.297877      5150.087280     381.952429      0.050076        13.483583      
270             381.025438      5169.166748     381.948999      0.050074        13.533657      
271             376.855810      5188.028381     381.930233      0.050050        13.583707      
272             372.783110      5206.695496     381.896637      0.050075        13.633782      
273             381.228094      5225.786255     381.894190      0.050077        13.683859      
274             402.802781      5245.958618     381.970432      0.050080        13.733939      
275             394.299908      5265.703186     382.015223      0.050075        13.784014      
276             384.368153      5284.950806     382.023740      0.050076        13.834090      
277             374.888806      5303.724487     381.998006      0.050078        13.884168      
278             375.019570      5322.503967     381.972927      0.050076        13.934244      
279             378.375065      5341.451477     381.960044      0.050076        13.984320      
280             372.555893      5360.108704     381.926487      0.050079        14.034399      
281             402.623881      5380.273315     382.000085      0.050083        14.084482      
282             397.876673      5400.197388     382.056332      0.050076        14.134558      
283             381.670235      5419.309143     382.054969      0.050074        14.184632      
284             368.764429      5437.775391     382.008215      0.050076        14.234708      
285             385.039454      5457.058167     382.018842      0.050080        14.284788      
286             375.431725      5475.857910     381.995831      0.050075        14.334863      
287             362.346503      5494.005310     381.927420      0.050083        14.384946      
288             408.822593      5514.483643     382.020749      0.050091        14.435037      
289             399.673376      5534.496887     382.081773      0.050074        14.485111      
290             379.501814      5553.500061     382.072885      0.050074        14.535185      
291             375.426666      5572.299927     382.050066      0.050076        14.585261      
292             374.576075      5591.056824     382.024494      0.050075        14.635336      
293             374.796177      5609.825867     381.999845      0.050078        14.685414      
294             372.302387      5628.470398     381.966888      0.050079        14.735493      
295             404.894488      5648.746704     382.044542      0.050078        14.785571      
296             402.239776      5668.892883     382.112721      0.050085        14.835656      
297             374.198977      5687.623413     382.086110      0.050055        14.885711      
298             379.983398      5706.652222     382.079060      0.050078        14.935789      
299             375.798415      5725.470703     382.058073      0.050076        14.985865      
300             376.099941      5744.321960     382.038211      0.050123        15.035988      
301             368.407262      5762.770691     381.992964      0.050077        15.086065      
302             409.243532      5783.265198     382.083125      0.050079        15.136144      
303             408.193404      5803.706299     382.169224      0.050077        15.186221      
304             373.041239      5822.387085     382.139223      0.050077        15.236298      
305             385.378197      5841.685669     382.149834      0.050077        15.286375      
306             375.987142      5860.513977     382.129711      0.050077        15.336452      
307             376.772277      5879.381226     382.112275      0.050076        15.386528      
308             354.987314      5897.156860     382.024286      0.050074        15.436602      
309             401.773952      5917.278503     382.088154      0.050082        15.486684      
310             404.184307      5937.528137     382.159406      0.050100        15.536784      
311             383.070623      5956.711548     382.162333      0.050078        15.586862      
312             376.076116      5975.544312     382.142842      0.050077        15.636939      
313             380.580611      5994.603027     382.137855      0.050078        15.687017      
314             374.540229      6013.359253     382.113678      0.050078        15.737095      
315             377.820256      6032.279358     382.100059      0.050077        15.787172      
316             383.264753      6051.472107     382.103742      0.050077        15.837249      
317             402.839100      6071.645081     382.169100      0.050077        15.887326      
318             393.994743      6091.375549     382.206258      0.050078        15.937404      
319             379.676798      6110.388245     382.198335      0.050076        15.987480      
320             374.729654      6129.152832     382.175016      0.050075        16.037555      
321             379.752366      6148.169312     382.167475      0.050076        16.087631      
322             364.996987      6166.447266     382.114193      0.050077        16.137708      
323             378.105730      6185.383179     382.101792      0.050081        16.187789      
324             406.165629      6205.732483     382.176039      0.050101        16.237890      
325             388.759221      6225.200378     382.196279      0.050077        16.287967      
326             382.272051      6244.342651     382.196511      0.050075        16.338042      
327             378.572025      6263.300781     382.185436      0.050078        16.388120      
328             374.946090      6282.077332     382.163381      0.050078        16.438198      
329             377.095055      6300.961121     382.147988      0.050077        16.488275      
330             380.494361      6320.015137     382.142981      0.050077        16.538352      
331             406.938418      6340.393799     382.217835      0.050078        16.588430      
332             394.797208      6360.163269     382.255694      0.050075        16.638505      
333             369.138616      6378.648254     382.216334      0.050076        16.688581      
334             376.572983      6397.506653     382.199450      0.050079        16.738660      
335             388.960859      6416.973755     382.219607      0.050049        16.788709      
336             371.779865      6435.591003     382.188561      0.050076        16.838785      
337             374.201562      6454.329895     382.164879      0.050077        16.888862      
338             403.443370      6474.533936     382.227787      0.050079        16.938941      
339             398.921228      6494.510315     382.276992      0.050076        16.989017      
340             376.590668      6513.368469     382.260280      0.050076        17.039093      
341             383.797029      6532.588257     382.264784      0.050078        17.089171      
342             377.592336      6551.496948     382.251132      0.050077        17.139248      
343             377.343335      6570.408264     382.236823      0.050117        17.189365      
344             368.887106      6588.883606     382.198039      0.050084        17.239449      
345             400.732587      6610.226624     382.255124      0.053260        17.292709      
346             398.865813      6630.199829     382.303085      0.050075        17.342784      
347             381.509338      6649.305054     382.300800      0.050078        17.392862      
348             373.015508      6667.984924     382.274142      0.050078        17.442940      
349             380.246281      6687.025757     382.268337      0.050075        17.493015      
350             383.309313      6706.219971     382.271309      0.050075        17.543090      
351             358.164314      6724.158630     382.202680      0.050085        17.593175      
352             406.767008      6744.533997     382.272420      0.050091        17.643266      
353             401.523473      6764.640686     382.326905      0.050076        17.693342      
354             376.512250      6783.495667     382.310494      0.050078        17.743420      
355             380.663489      6802.558533     382.305859      0.050078        17.793498      
356             375.668839      6821.371277     382.287232      0.050078        17.843576      
357             376.088304      6840.204651     382.269884      0.050077        17.893653      
358             344.232282      6857.434509     382.163780      0.050053        17.943706      
359             421.928037      6878.562134     382.274438      0.050074        17.993780      
360             412.165257      6899.201721     382.357392      0.050076        18.043856      
361             378.331679      6918.148193     382.346250      0.050079        18.093935      
362             381.823788      6937.269165     382.344808      0.050078        18.144013      
363             373.200905      6955.957947     382.319640      0.050077        18.194090      
364             376.930513      6974.833496     382.304848      0.050077        18.244167      
365             374.400394      6993.581970     382.283212      0.050076        18.294243      
366             384.781079      7012.851807     382.290031      0.050080        18.344323      
367             403.723701      7033.075134     382.348399      0.050092        18.394415      
368             387.071147      7052.458496     382.361222      0.050077        18.444492      
369             376.848640      7071.330322     382.346295      0.050078        18.494570      
370             378.139589      7090.266418     382.334936      0.050077        18.544647      
371             373.083656      7108.943359     382.310029      0.050061        18.594708      
372             378.399686      7127.891724     382.299527      0.050075        18.644783      
373             390.234221      7147.432312     382.320780      0.050074        18.694857      
374             403.480678      7167.637817     382.377310      0.050078        18.744935      
375             391.683694      7187.251770     382.402105      0.050076        18.795011      
376             378.172497      7206.189514     382.390866      0.050077        18.845088      
377             379.653639      7225.201050     382.383611      0.050076        18.895164      
378             370.006286      7243.730225     382.350894      0.050078        18.945242      
379             380.164059      7262.767700     382.345129      0.050077        18.995319      
380             390.606961      7282.328125     382.366853      0.050077        19.045396      
381             403.233001      7302.522034     382.421576      0.050080        19.095476      
382             385.443947      7321.822754     382.429481      0.050074        19.145550      
383             378.771442      7340.789734     382.419939      0.050075        19.195625      
384             381.380152      7359.890015     382.417233      0.050082        19.245707      
385             375.279004      7378.682861     382.398707      0.050077        19.295784      
386             378.048236      7397.629883     382.387437      0.050118        19.345902      
387             370.854109      7416.203369     382.357656      0.050083        19.395985      
388             406.800718      7436.580017     382.420618      0.050090        19.446075      
389             391.575216      7456.188538     382.444132      0.050076        19.496151      
390             381.043721      7475.268921     382.440544      0.050074        19.546225      
391             376.788122      7494.136963     382.426100      0.050076        19.596301      
392             374.776848      7512.904663     382.406603      0.050077        19.646378      
393             379.774306      7531.922241     382.399910      0.050076        19.696454      
394             373.277550      7550.615234     382.376776      0.050078        19.746532      
395             406.638609      7570.980103     382.438153      0.050081        19.796613      
396             397.353786      7590.877991     382.475787      0.050076        19.846689      
397             379.356409      7609.876160     382.467935      0.050080        19.896769      
398             378.922075      7628.851440     382.459033      0.050077        19.946846      
399             378.367752      7647.798584     382.448788      0.050076        19.996922      
400             376.738947      7666.664917     382.434525      0.050078        20.047000      
401             363.559195      7684.873779     382.387485      0.050085        20.097085      
402             402.992624      7705.060486     382.438715      0.050092        20.147177      
403             404.928614      7725.338501     382.494478      0.050078        20.197255      
404             382.836945      7744.509827     382.495325      0.050077        20.247332      
405             376.050128      7763.342041     382.479423      0.050079        20.297411      
406             375.051773      7782.124634     382.461141      0.050080        20.347491      
407             375.394792      7800.923279     382.443793      0.050077        20.397568      
408             358.382261      7818.869629     382.384867      0.050076        20.447644      
409             410.781901      7839.435425     382.454226      0.050065        20.497709      
410             405.400727      7859.737488     382.510151      0.050079        20.547788      
411             378.458188      7878.690674     382.500299      0.050080        20.597868      
412             375.876036      7897.513794     382.484233      0.050078        20.647946      
413             384.716854      7916.780029     382.489635      0.050079        20.698025      
414             377.915325      7935.704895     382.478595      0.050077        20.748102      
415             373.668311      7954.415588     382.457383      0.050073        20.798175      
416             392.998684      7974.094604     382.482702      0.050074        20.848249      
417             409.979858      7994.624756     382.548590      0.050076        20.898325      
418             384.256792      8013.869873     382.552674      0.050084        20.948409      
419             376.158599      8032.707520     382.537425      0.050079        20.998488      
420             378.976922      8051.685547     382.528954      0.050077        21.048565      
421             378.423331      8070.636230     382.519209      0.050078        21.098643      
422             382.098487      8089.765991     382.518213      0.050065        21.148708      
423             374.855025      8108.537231     382.500111      0.050076        21.198784      
424             403.538908      8128.746460     382.549696      0.050080        21.248864      
425             389.069565      8148.230286     382.565025      0.050078        21.298942      
426             383.697956      8167.445496     382.567683      0.050079        21.349021      
427             376.702383      8186.309998     382.553957      0.050078        21.399099      
428             377.503416      8205.230469     382.542155      0.050120        21.449219      
429             376.942273      8224.107361     382.529111      0.050079        21.499298      
430             372.029787      8242.740845     382.504708      0.050086        21.549384      
431             399.130103      8262.734070     382.543265      0.050092        21.599476      
432             394.822957      8282.506409     382.571670      0.050079        21.649555      
433             384.145103      8301.742859     382.575301      0.050076        21.699631      
434             370.163512      8320.279907     382.546723      0.050078        21.749709      
435             386.061166      8339.613464     382.554797      0.050079        21.799788      
436             368.070940      8358.044617     382.521603      0.050075        21.849863      
437             381.750660      8377.161926     382.519840      0.050078        21.899941      
438             406.013772      8397.494690     382.573441      0.050079        21.950020      
439             392.331600      8417.141479     382.595653      0.050077        22.000097      
440             384.919919      8436.417114     382.600932      0.050077        22.050174      
441             373.202124      8455.105957     382.579635      0.050077        22.100251      
442             388.194465      8474.545959     382.592329      0.050078        22.150329      
443             377.508914      8493.449341     382.580863      0.050074        22.200403      
444             359.657399      8511.463501     382.529261      0.050087        22.250490      
445             404.987690      8531.750549     382.579709      0.050093        22.300583      
446             402.077334      8551.885376     382.623393      0.050077        22.350660      
447             380.764546      8570.942261     382.619240      0.050049        22.400709      
448             377.579921      8589.850708     382.608000      0.050078        22.450787      
449             376.934170      8608.726440     382.595372      0.050077        22.500864      
450             379.667047      8627.738647     382.588870      0.050076        22.550940      
451             362.012668      8645.869690     382.543273      0.050084        22.601024      
452             404.564892      8666.135559     382.591974      0.050093        22.651117      
453             399.548270      8686.143738     382.629378      0.050077        22.701194      
454             384.171201      8705.382263     382.632772      0.050078        22.751272      
455             371.647687      8723.994751     382.608644      0.050081        22.801353      
456             377.484854      8742.898438     382.597415      0.050078        22.851431      
457             386.839695      8763.121643     382.607098      0.052278        22.903709      
458             365.493063      8781.424805     382.569761      0.050078        22.953787      
459             413.735676      8802.143860     382.637607      0.050078        23.003865      
460             393.678952      8821.857727     382.661590      0.050076        23.053941      
461             389.826913      8841.379089     382.677121      0.050077        23.104018      
462             374.088053      8860.112671     382.658544      0.050078        23.154096      
463             378.141046      8879.048462     382.648795      0.050076        23.204172      
464             379.289900      8898.042542     382.641562      0.050078        23.254250      
465             370.884104      8916.614563     382.616298      0.050075        23.304325      
466             393.181944      8936.305115     382.638955      0.050080        23.354405      
467             405.602845      8956.620544     382.688099      0.050087        23.404492      
468             380.165557      8975.657715     382.682713      0.050076        23.454568      
469             371.921366      8994.281677     382.659787      0.050075        23.504643      
470             380.354300      9013.325256     382.654886      0.050068        23.554711      
471             387.042706      9032.723450     382.664203      0.050119        23.604830      
472             372.255096      9051.364868     382.642167      0.050077        23.654907      
473             383.233121      9070.558716     382.643415      0.050084        23.704991      
474             407.511933      9090.970581     382.695852      0.050089        23.755080      
475             389.127460      9110.455750     382.709381      0.050074        23.805154      
476             373.705948      9129.168701     382.690482      0.050074        23.855228      
477             381.669618      9148.281189     382.688344      0.050076        23.905304      
478             378.212219      9167.219788     382.678987      0.050074        23.955378      
479             379.756293      9186.236084     382.672890      0.050075        24.005453      
480             385.634539      9205.547119     382.679056      0.050076        24.055529      
481             400.819342      9225.619751     382.716742      0.050079        24.105608      
482             391.465015      9245.223145     382.734878      0.050077        24.155685      
483             380.210095      9264.263306     382.729654      0.050078        24.205763      
484             375.866478      9283.085571     382.715485      0.050077        24.255840      
485             374.801396      9301.854126     382.699180      0.050076        24.305916      
486             373.710524      9320.568054     382.680699      0.050076        24.355992      
487             398.614649      9340.529480     382.713393      0.050077        24.406069      
488             400.734028      9360.597839     382.750294      0.050079        24.456148      
489             385.877483      9379.920654     382.756684      0.050075        24.506223      
490             375.833954      9398.740540     382.742567      0.050075        24.556298      
491             372.606246      9417.399170     382.721939      0.050076        24.606374      
492             377.660362      9436.311646     382.711659      0.050078        24.656452      
493             376.374526      9455.159729     382.698814      0.050078        24.706530      
494             368.194949      9473.600037     382.669472      0.050083        24.756613      
495             407.411130      9494.009705     382.719437      0.050096        24.806709      
496             390.975541      9513.588196     382.736070      0.050076        24.856785      
497             388.424044      9533.039307     382.747506      0.050077        24.906862      
498             375.859358      9551.860840     382.733685      0.050076        24.956938      
499             372.045575      9570.491394     382.712282      0.050076        25.007014      
500             383.203811      9589.681091     382.713264      0.050077        25.057091      
501             372.251440      9608.322327     382.692398      0.050077        25.107168      
502             407.579467      9628.734314     382.741941      0.050081        25.157249      
503             401.356491      9648.832642     382.778920      0.050076        25.207325      
504             380.770397      9667.899719     382.774938      0.050075        25.257400      
505             376.263414      9686.742615     382.762053      0.050079        25.307479      
506             375.419169      9705.542480     382.747552      0.050077        25.357556      
507             385.504955      9724.847412     382.752987      0.050077        25.407633      
508             372.363449      9743.494629     382.732549      0.050078        25.457711      
509             403.577436      9763.705383     382.773474      0.050079        25.507790      
510             398.731087      9783.672241     382.804740      0.050076        25.557866      
511             382.773339      9802.839233     382.804678      0.050074        25.607940      
512             377.084085      9821.722473     382.793513      0.050077        25.658017      
513             382.040149      9840.853516     382.792046      0.050076        25.708093      
514             380.546788      9859.923096     382.787678      0.050111        25.758204      
515             366.518088      9878.276855     382.756110      0.050076        25.808280      
516             405.637957      9898.590393     382.800423      0.050078        25.858358      
517             403.341734      9918.788940     382.840127      0.050078        25.908436      
518             368.045271      9937.219543     382.811586      0.050077        25.958513      
519             377.836856      9956.141235     382.802008      0.050079        26.008592      
520             386.282566      9975.485107     382.808696      0.050077        26.058669      
521             374.142666      9994.207581     382.792087      0.050041        26.108710      
522             371.204568      10012.796021    382.769905      0.050076        26.158786      
523             402.495128      10032.950562    382.807591      0.050074        26.208860      
524             395.566365      10052.759338    382.831923      0.050077        26.258937      
525             385.203066      10072.048767    382.836436      0.050076        26.309013      
526             383.840391      10091.269958    382.838343      0.050076        26.359089      
527             378.872103      10110.242737    382.830822      0.050077        26.409166      
528             380.917000      10129.318298    382.827200      0.050078        26.459244      
529             375.004944      10148.097046    382.812424      0.050076        26.509320      
530             389.141932      10167.584106    382.824358      0.050077        26.559397      
531             407.360124      10187.983887    382.870533      0.050078        26.609475      
532             374.999717      10206.763123    382.855749      0.050078        26.659553      
533             381.187873      10225.851868    382.852622      0.050077        26.709630      
534             384.274077      10245.096313    382.855282      0.050080        26.759710      
535             376.357665      10263.943176    382.843145      0.050077        26.809787      
536             371.136312      10282.528198    382.821320      0.050076        26.859863      
537             387.469278      10301.931885    382.829969      0.050078        26.909941      
538             406.252843      10323.774475    382.876675      0.053766        26.963707      
539             386.594583      10343.135132    382.883567      0.050080        27.013787      
540             377.967969      10362.062256    382.874472      0.050076        27.063863      
541             376.665227      10380.923767    382.863005      0.050075        27.113938      
542             386.347981      10400.271301    382.869429      0.050078        27.164016      
543             372.406478      10418.919556    382.850177      0.050075        27.214091      
544             386.681524      10438.284180    382.857214      0.050079        27.264170      
545             406.560590      10458.643921    382.900672      0.050078        27.314248      
546             377.656172      10477.555054    382.891075      0.050075        27.364323      
547             384.475412      10496.808044    382.893969      0.050076        27.414399      
548             381.604097      10515.918396    382.891617      0.050079        27.464478      
549             378.170060      10534.856018    382.883024      0.050077        27.514555      
550             375.266635      10553.648621    382.869187      0.050078        27.564633      
551             379.978797      10572.676819    382.863945      0.050077        27.614710      
552             400.147659      10592.716614    382.895234      0.050081        27.664791      
553             392.120743      10612.352844    382.911903      0.050077        27.714868      
554             382.313747      10631.498352    382.910824      0.050078        27.764946      
555             381.400864      10650.598145    382.908106      0.050078        27.815024      
556             373.480972      10669.311035    382.891155      0.050104        27.865128      
557             381.015723      10688.391541    382.887790      0.050078        27.915206      
558             381.128448      10707.476929    382.884640      0.050076        27.965282      
559             407.298761      10727.874451    382.928282      0.050080        28.015362      
560             386.122900      10747.210327    382.933983      0.050077        28.065439      
561             378.256596      10766.152283    382.925652      0.050077        28.115516      
562             375.362067      10784.948914    382.912204      0.050076        28.165592      
563             385.766222      10804.267700    382.917270      0.050079        28.215671      
564             371.453221      10822.855591    382.896974      0.050041        28.265712      
565             377.286189      10841.749329    382.887051      0.050078        28.315790      
566             402.198780      10861.891846    382.921147      0.050081        28.365871      
567             404.623777      10882.153381    382.959391      0.050075        28.415946      
568             376.121213      10900.988403    382.947362      0.050077        28.466023      
569             381.445656      10920.090820    382.944724      0.050079        28.516102      
570             371.123928      10938.675964    382.924002      0.050078        28.566180      
571             382.336329      10957.821838    382.922974      0.050076        28.616256      
572             374.310037      10976.566162    382.907928      0.050077        28.666333      
573             409.313002      10997.064148    382.953976      0.050079        28.716412      
574             388.680319      11016.528870    382.963945      0.050079        28.766491      
575             384.639957      11035.790100    382.966857      0.050076        28.816567      
576             375.674367      11054.604248    382.954205      0.050081        28.866648      
577             381.286539      11073.691833    382.951318      0.050061        28.916709      
578             379.795026      11092.710449    382.945862      0.050076        28.966785      
579             369.540770      11111.215942    382.922728      0.050077        29.016862      
580             408.762965      11131.685974    382.967246      0.050078        29.066940      
581             405.076865      11151.971008    383.005272      0.050077        29.117017      
582             364.654497      11170.231812    382.973765      0.050077        29.167094      
583             386.887084      11189.607117    382.980473      0.050080        29.217174      
584             376.393011      11208.455750    382.969202      0.050077        29.267251      
585             381.190311      11227.544617    382.966163      0.050077        29.317328      
586             363.562270      11245.749634    382.933078      0.050074        29.367402      
587             406.163637      11266.088684    382.972622      0.050076        29.417478      
588             403.927225      11286.316956    383.008234      0.050079        29.467557      
589             377.921185      11305.242493    382.999603      0.050078        29.517635      
590             385.614206      11324.552124    383.004031      0.050075        29.567710      
591             369.635839      11343.062378    382.981429      0.050077        29.617787      
592             382.290911      11362.206360    382.980263      0.050077        29.667864      
593             384.947107      11381.482971    382.983577      0.050076        29.717940      
594             385.782848      11400.801819    382.988286      0.050077        29.768017      
595             408.462296      11421.257202    383.031070      0.050079        29.818096      
596             374.773191      11440.024719    383.017224      0.050077        29.868173      
597             382.183654      11459.163330    383.015829      0.050077        29.918250      
598             372.976506      11477.841248    382.999053      0.050078        29.968328      
599             381.402419      11496.949890    382.996388      0.050101        30.018429      
600             380.775328      11516.018738    382.992689      0.050079        30.068508      
601             379.980960      11535.047424    382.987682      0.050078        30.118586      
602             409.391004      11555.549316    383.031510      0.050079        30.168665      
603             386.139291      11574.873657    383.036657      0.050045        30.218710      
604             379.635771      11593.885437    383.031030      0.050079        30.268789      
605             377.960187      11612.812927    383.022655      0.050078        30.318867      
606             375.621870      11631.622192    383.010452      0.050075        30.368942      
607             385.162087      11650.910339    383.013994      0.050078        30.419020      
608             366.063457      11669.241333    382.986136      0.050076        30.469096      
609             404.392798      11689.492920    383.021262      0.050079        30.519175      
610             402.054679      11709.627014    383.052442      0.050078        30.569253      
611             377.694488      11728.541199    383.043679      0.050078        30.619331      
612             380.218627      11747.581787    383.039066      0.050078        30.669409      
613             384.122303      11766.816711    383.040832      0.050075        30.719484      
614             374.171409      11785.553345    383.026398      0.050075        30.769559      
615             381.271703      11804.649719    383.023546      0.050086        30.819645      
616             406.921767      11825.021851    383.062304      0.050064        30.869709      
617             385.980297      11844.350586    383.067030      0.050077        30.919786      
618             381.590393      11863.459106    383.064642      0.050076        30.969862      
619             378.701218      11882.423706    383.057598      0.050078        31.019940      
620             374.568261      11901.181335    383.043915      0.050078        31.070018      
621             382.254346      11920.323486    383.042645      0.050077        31.120095      
622             369.672335      11938.835938    383.021164      0.050078        31.170173      
623             402.598031      11958.998047    383.052567      0.050080        31.220253      
624             397.314162      11978.894348    383.075406      0.050077        31.270330      
625             387.002089      11998.273865    383.081684      0.050076        31.320406      
626             380.819788      12017.344177    383.078073      0.050077        31.370483      
627             377.014397      12036.224304    383.068409      0.050078        31.420561      
628             387.397369      12055.624390    383.075297      0.050078        31.470639      
629             363.089087      12073.804260    383.043550      0.050070        31.520709      
630             407.332091      12094.202637    383.082076      0.050078        31.570787      
631             402.440049      12114.355225    383.112732      0.050076        31.620863      
632             364.855603      12132.626099    383.083865      0.050077        31.670940      
633             378.159355      12151.564697    383.076090      0.050081        31.721021      
634             380.551359      12170.621948    383.072111      0.050078        31.771099      
635             375.518080      12189.426392    383.060223      0.050076        31.821175      
636             363.739059      12207.640625    383.029866      0.050075        31.871250      
637             400.037562      12227.673706    383.056548      0.050078        31.921328      
638             408.002619      12248.109741    383.095630      0.050088        31.971416      
639             386.147252      12267.445679    383.100402      0.050074        32.021490      
640             376.076510      12286.277710    383.089435      0.050075        32.071565      
641             379.201965      12305.265869    383.083375      0.050074        32.121639      
642             379.678142      12324.276733    383.078075      0.050071        32.171710      
643             379.183681      12343.263977    383.072023      0.050074        32.221784      
644             387.258888      12362.655579    383.078519      0.050074        32.271858      
645             411.746282      12383.274597    383.122935      0.050077        32.321935      
646             376.009668      12402.102905    383.111932      0.050074        32.372009      
647             387.570926      12421.510132    383.118818      0.050074        32.422083      
648             372.100423      12440.143433    383.101827      0.050076        32.472159      
649             388.434351      12459.593506    383.110037      0.050073        32.522232      
650             377.307352      12478.487549    383.101116      0.050076        32.572308      
651             373.005079      12497.168762    383.085616      0.050083        32.622391      
652             402.227711      12517.318359    383.114966      0.050095        32.672486      
653             389.550419      12536.824707    383.124814      0.050074        32.722560      
654             379.050308      12555.806030    383.118588      0.050076        32.772636      
655             384.096559      12575.038513    383.120080      0.050072        32.822708      
656             381.011734      12594.117676    383.116868      0.050075        32.872783      
657             378.096423      12613.050476    383.109232      0.050074        32.922857      
658             379.657027      12632.062561    383.103990      0.050077        32.972934      
659             409.468142      12652.568726    383.143971      0.050080        33.023014      
660             386.622623      12671.928467    383.149238      0.050074        33.073088      
661             378.654182      12690.889954    383.142442      0.050076        33.123164      
662             378.657590      12709.851990    383.135672      0.050077        33.173241      
663             375.335252      12728.647278    383.123915      0.050076        33.223317      
664             380.220685      12747.686829    383.119546      0.050075        33.273392      
665             366.744762      12766.053040    383.094937      0.050079        33.323471      
666             415.006889      12786.837830    383.142827      0.050083        33.373554      
667             395.290853      12806.632019    383.161027      0.050075        33.423629      
668             382.971900      12825.810486    383.160744      0.050078        33.473707      
669             376.799092      12844.679077    383.151242      0.050076        33.523783      
670             376.550240      12863.535583    383.141396      0.050077        33.573860      
671             380.376418      12882.583313    383.137278      0.050076        33.623936      
672             377.099495      12901.468079    383.128299      0.050079        33.674015      
673             410.458318      12922.023010    383.168882      0.050078        33.724093      
674             392.822931      12941.906921    383.183350      0.050618        33.774711      
675             358.272406      12959.847412    383.146472      0.050075        33.824786      
676             384.905392      12979.123474    383.149072      0.050080        33.874866      
677             377.096056      12998.007690    383.140137      0.050078        33.924944      
678             383.609681      13017.217712    383.140829      0.050077        33.975021      
679             366.565616      13035.574219    383.116434      0.050077        34.025098      
680             409.713630      13056.091858    383.155522      0.050078        34.075176      
681             396.398823      13075.942322    383.174956      0.050077        34.125253      
682             386.948874      13095.318787    383.180486      0.050075        34.175328      
683             378.758502      13114.286255    383.174016      0.050078        34.225406      
684             376.928475      13133.176025    383.164884      0.050115        34.275521      
685             381.162278      13152.263489    383.161962      0.050077        34.325598      
686             375.864812      13171.084167    383.151333      0.050073        34.375671      
687             387.827657      13190.492615    383.158131      0.050044        34.425715      
688             410.060078      13211.030884    383.197214      0.050086        34.475801      
689             383.305121      13230.224121    383.197370      0.050073        34.525874      
690             376.357257      13249.069458    383.187464      0.050073        34.575947      
691             380.457146      13268.120850    383.183516      0.050075        34.626022      
692             381.322849      13287.215210    383.180829      0.050074        34.676096      
693             375.635278      13306.025146    383.169948      0.050075        34.726171      
694             387.343138      13325.988037    383.176133      0.051538        34.777709      
695             408.291288      13346.434448    383.212245      0.050078        34.827787      
696             374.089744      13365.166992    383.199148      0.050075        34.877862      
697             386.870472      13384.538757    383.204411      0.050073        34.927935      
698             379.964721      13403.565491    383.199773      0.050075        34.978010      
699             374.408762      13422.314758    383.187205      0.050077        35.028087      
700             385.044991      13441.595886    383.189857      0.050075        35.078162      
701             370.842014      13460.168396    383.172253      0.050082        35.128244      
702             407.651282      13480.586426    383.207106      0.050087        35.178331      
703             391.380200      13500.185181    383.218724      0.050076        35.228407      
704             377.482323      13519.086853    383.210582      0.050073        35.278480      
705             380.748748      13538.152466    383.207093      0.050074        35.328554      
706             382.031301      13557.283447    383.205428      0.050077        35.378631      
707             383.261096      13576.476013    383.205507      0.050077        35.428708      
708             382.592615      13595.634338    383.204642      0.050075        35.478783      
709             408.339663      13616.082764    383.240069      0.050077        35.528860      
710             376.873441      13634.955078    383.231108      0.050076        35.578936      
711             364.641058      13653.214844    383.204980      0.050076        35.629012      
712             388.718230      13672.680298    383.212718      0.050076        35.679088      
713             374.061240      13691.412537    383.199892      0.050078        35.729166      
714             378.703185      13710.376099    383.193598      0.050075        35.779241      
715             309.555357      13725.889465    383.090599      0.050115        35.829356      
716             83.316904       13730.064392    382.671938      0.050109        35.879465      
