1               272.381688      14.087036       272.381688      0.051718        0.051718       
2               406.607580      34.467834       338.444203      0.050124        0.101842       
3               405.482715      54.784546       360.550362      0.050105        0.151947       
4               388.707448      74.258789       367.532253      0.050100        0.202047       
5               385.634704      93.573303       371.128231      0.050085        0.252132       
6               387.093855      112.959351      373.773963      0.050081        0.302213       
7               388.351583      132.408386      375.846271      0.050081        0.352294       
8               377.664093      151.322937      376.072532      0.050083        0.402377       
9               372.422674      169.974609      375.668534      0.050082        0.452459       
10              384.202453      189.217773      376.519065      0.050086        0.502545       
11              406.378988      209.568420      379.224933      0.050078        0.552623       
12              395.525663      229.367249      380.578829      0.050057        0.602680       
13              384.645315      248.629517      380.890800      0.050078        0.652758       
14              379.809381      267.649231      380.813749      0.050077        0.702835       
15              388.941137      287.127014      381.354330      0.050079        0.752914       
16              390.393184      306.677124      381.918032      0.050078        0.802992       
17              395.535894      326.484375      382.717430      0.050077        0.853069       
18              408.805623      346.956543      384.163977      0.050078        0.903147       
19              391.425509      366.558350      384.545464      0.050078        0.953225       
20              385.549219      385.865112      384.595562      0.050076        1.003301       
21              382.579446      405.023926      384.499715      0.050078        1.053379       
22              382.622431      424.184509      384.414521      0.050077        1.103456       
23              387.049208      443.566772      384.528897      0.050077        1.153533       
24              397.288566      463.461792      385.059772      0.050077        1.203610       
25              412.286568      484.104980      386.147167      0.050070        1.253680       
26              394.145771      503.842224      386.454386      0.050076        1.303756       
27              388.090959      523.275879      386.514919      0.050075        1.353831       
28              381.895419      542.399292      386.350149      0.050075        1.403906       
29              382.850020      561.571655      386.229598      0.050078        1.453984       
30              394.649725      581.333740      386.509931      0.050075        1.504059       
31              390.627925      600.895996      386.642625      0.050079        1.554138       
32              410.500091      621.453430      387.387386      0.050079        1.604217       
33              394.943545      641.231018      387.616118      0.050077        1.654294       
34              385.735703      660.547119      387.560869      0.050076        1.704370       
35              384.387530      681.038818      387.464623      0.053310        1.757680       
36              388.769289      700.507996      387.500765      0.050079        1.807759       
37              387.578178      719.916748      387.502852      0.050077        1.857836       
38              383.906721      739.142029      387.408462      0.050078        1.907914       
39              417.032739      760.026611      388.166153      0.050079        1.957993       
40              398.910258      780.002441      388.434083      0.050076        2.008069       
41              386.704280      799.367432      388.391995      0.050077        2.058146       
42              387.461171      818.770325      388.369885      0.050077        2.108223       
43              381.547427      837.877075      388.211590      0.050077        2.158300       
44              384.076074      857.129272      388.117724      0.050126        2.208426       
45              393.785777      876.849670      388.243405      0.050079        2.258505       
46              401.367792      896.949768      388.528106      0.050079        2.308584       
47              406.052773      917.284485      388.900188      0.050079        2.358663       
48              395.462765      937.088074      389.036622      0.050077        2.408740       
49              386.601901      956.446777      388.987039      0.050074        2.458814       
50              385.553708      975.754150      388.918510      0.050077        2.508891       
51              381.669309      994.867004      388.776649      0.050077        2.558968       
52              388.504370      1014.323303     388.771423      0.050080        2.609048       
53              411.735023      1034.942993     389.203902      0.050080        2.659128       
54              404.346333      1055.194275     389.483833      0.050084        2.709212       
55              385.350546      1074.491089     389.408822      0.050076        2.759288       
56              382.121759      1093.627747     389.278922      0.050080        2.809368       
57              389.011063      1113.108643     389.274231      0.050078        2.859446       
58              376.298960      1131.952942     389.050904      0.050078        2.909524       
59              389.378509      1151.453796     389.056448      0.050082        2.959606       
60              410.407338      1172.004944     389.411683      0.050075        3.009681       
61              407.601054      1192.416382     389.709376      0.050077        3.059758       
62              385.522790      1211.721436     389.641963      0.050075        3.109833       
63              381.015427      1230.802307     389.505248      0.050079        3.159912       
64              389.403517      1250.302856     389.503661      0.050078        3.209990       
65              385.309943      1269.598022     389.439242      0.050077        3.260067       
66              389.798409      1289.118347     389.444676      0.050078        3.310145       
67              411.739279      1309.737427     389.776936      0.050078        3.360223       
68              382.252486      1328.880249     389.666443      0.050079        3.410302       
69              368.201201      1347.319397     389.355795      0.050079        3.460381       
70              397.429299      1367.222656     389.470972      0.050080        3.510461       
71              377.062715      1386.105957     389.296446      0.050080        3.560541       
72              394.885115      1405.881409     389.373960      0.050079        3.610620       
73              373.123752      1424.560730     389.151729      0.050062        3.660682       
74              407.210611      1444.953430     389.395445      0.050079        3.710761       
75              373.863336      1463.676880     389.188613      0.050081        3.760842       
76              345.830948      1480.996094     388.618842      0.050080        3.810922       
77              368.638694      1499.457520     388.359685      0.050080        3.861002       
78              382.887802      1518.631775     388.289622      0.050078        3.911080       
79              383.258659      1537.824219     388.226021      0.050077        3.961157       
80              376.847846      1556.695251     388.083976      0.050076        4.011233       
81              414.390878      1577.446289     388.408341      0.050076        4.061309       
82              408.093842      1597.882812     388.648116      0.050078        4.111387       
83              383.909865      1617.107483     388.591100      0.050076        4.161463       
84              391.004032      1636.688965     388.619792      0.050080        4.211543       
85              383.791286      1655.908081     388.563054      0.050077        4.261620       
86              381.115849      1674.987122     388.476588      0.050061        4.311681       
87              382.633078      1694.158569     388.409463      0.050104        4.361785       
88              396.545090      1714.017151     388.501810      0.050079        4.411864       
89              375.910800      1732.843140     388.360488      0.050081        4.461945       
90              337.748828      1749.757263     387.798749      0.050079        4.512024       
91              379.559255      1768.764832     387.708305      0.050078        4.562102       
92              385.493601      1788.069580     387.684258      0.050078        4.612180       
93              386.495456      1807.424500     387.671489      0.050078        4.662258       
94              384.261753      1826.667175     387.635254      0.050077        4.712335       
95              394.537022      1846.424011     387.707825      0.050076        4.762411       
96              413.488534      1867.131104     387.976100      0.050079        4.812490       
97              388.257639      1886.576599     387.979000      0.050084        4.862574       
98              382.616665      1905.736511     387.924340      0.050076        4.912650       
99              382.955376      1924.895386     387.874248      0.050029        4.962679       
100             382.913731      1944.070557     387.824693      0.050077        5.012756       
101             382.483160      1963.224548     387.771858      0.050078        5.062834       
102             389.954415      1982.752686     387.793235      0.050078        5.112912       
103             385.980332      2002.082581     387.775650      0.050080        5.162992       
104             348.936515      2019.556274     387.402560      0.050077        5.213069       
105             366.529051      2037.910950     387.203956      0.050077        5.263146       
106             390.034113      2057.442688     387.230630      0.050077        5.313223       
107             381.411833      2076.543030     387.176299      0.050078        5.363301       
108             388.317564      2095.989197     387.186856      0.050078        5.413379       
109             383.933180      2115.216187     387.157033      0.050079        5.463458       
110             416.233221      2136.060730     387.421129      0.050079        5.513537       
111             392.812662      2155.732788     387.469660      0.050080        5.563617       
112             385.073889      2175.010742     387.448295      0.050063        5.613680       
113             380.786588      2194.079773     387.389393      0.050078        5.663758       
114             387.985616      2213.509705     387.394618      0.050079        5.713837       
115             379.253335      2232.501953     387.323885      0.050078        5.763915       
116             385.265685      2251.795288     387.306157      0.050078        5.813993       
117             391.474681      2271.401123     387.341759      0.050082        5.864075       
118             361.480862      2289.503723     387.122778      0.050079        5.914154       
119             347.837015      2306.923401     386.792906      0.050080        5.964234       
120             370.017179      2325.453491     386.653221      0.050079        6.014313       
121             386.142824      2344.791138     386.649006      0.050079        6.064392       
122             384.635564      2364.052917     386.632516      0.050078        6.114470       
123             381.202798      2383.142029     386.588409      0.050076        6.164546       
124             406.863262      2403.518555     386.751798      0.050082        6.214628       
125             406.944128      2423.887329     386.913129      0.050053        6.264681       
126             394.860665      2443.660767     386.976154      0.050077        6.314758       
127             379.196052      2462.650146     386.914941      0.050078        6.364836       
128             385.986392      2481.979187     386.907693      0.050077        6.414913       
129             392.604617      2501.639648     386.951820      0.050077        6.464990       
130             358.636521      2519.606262     386.734093      0.050097        6.515087       
131             422.495109      2540.763550     387.006867      0.050077        6.565164       
132             379.958473      2559.791870     386.953508      0.050080        6.615244       
133             352.542894      2577.447571     386.694958      0.050081        6.665325       
134             371.934431      2596.073303     386.584886      0.050078        6.715403       
135             383.000267      2615.252808     386.558353      0.050077        6.765480       
136             383.660174      2634.466125     386.537058      0.050079        6.815559       
137             387.713468      2653.881653     386.545639      0.050077        6.865636       
138             395.163731      2673.657227     386.608002      0.050044        6.915680       
139             406.485439      2694.013611     386.750907      0.050079        6.965759       
140             387.755338      2713.430847     386.758076      0.050076        7.015835       
141             383.643808      2732.642578     386.736005      0.050077        7.065912       
142             380.799359      2751.711487     386.694228      0.050076        7.115988       
143             386.023352      2771.041992     386.689540      0.050076        7.166064       
144             382.786311      2790.211548     386.662452      0.050079        7.216143       
145             388.929403      2809.688354     386.678076      0.050078        7.266221       
146             377.845155      2828.610840     386.617615      0.050080        7.316301       
147             355.837213      2847.321472     386.397975      0.052582        7.368883       
148             366.835001      2865.690735     386.265933      0.050075        7.418958       
149             382.815669      2884.860229     386.242801      0.050075        7.469033       
150             388.527762      2904.315369     386.258018      0.050074        7.519107       
151             376.939126      2923.195496     386.196352      0.050088        7.569195       
152             391.544768      2942.807190     386.231512      0.050088        7.619283       
153             410.509311      2963.370422     386.390080      0.050092        7.669375       
154             397.236076      2983.265991     386.460451      0.050085        7.719460       
155             383.474255      3002.473450     386.441200      0.050088        7.769548       
156             395.461799      3022.280945     386.498979      0.050087        7.819635       
157             372.098957      3040.903381     386.407403      0.050047        7.869682       
158             389.567514      3060.415649     386.427388      0.050087        7.919769       
159             387.716846      3079.835999     386.435492      0.050089        7.969858       
160             383.396457      3099.040710     386.416511      0.050091        8.019949       
161             354.452553      3116.795593     386.218110      0.050091        8.070040       
162             361.239120      3134.888977     386.064033      0.050087        8.120127       
163             382.991706      3154.072266     386.045198      0.050088        8.170215       
164             389.724052      3173.593933     386.067615      0.050091        8.220306       
165             384.585581      3192.857056     386.058639      0.050088        8.270394       
166             383.678973      3212.074768     386.044314      0.050088        8.320482       
167             408.403900      3232.531311     386.178113      0.050089        8.370571       
168             379.689413      3251.549194     386.139516      0.050088        8.420659       
169             405.967738      3271.885742     386.256776      0.050094        8.470753       
170             391.026385      3291.471863     386.284813      0.050089        8.520842       
171             376.448252      3310.327026     386.227330      0.050087        8.570929       
172             385.515901      3329.647156     386.223195      0.050115        8.621044       
173             369.607060      3348.160034     386.127213      0.050088        8.671132       
174             411.347739      3369.799805     386.279301      0.052607        8.723739       
175             368.592476      3388.258179     386.178351      0.050078        8.773817       
176             339.722028      3405.271118     385.914693      0.050079        8.823896       
177             377.797979      3424.194641     385.868879      0.050089        8.873985       
178             384.981284      3444.503174     385.863633      0.052752        8.926737       
179             389.976354      3464.032410     385.886577      0.050078        8.976815       
180             343.110856      3481.216431     385.649249      0.050083        9.026898       
181             441.166521      3503.312256     385.955582      0.050085        9.076983       
182             409.301602      3523.813354     386.083701      0.050088        9.127071       
183             385.490521      3543.121033     386.080464      0.050086        9.177157       
184             388.132461      3562.561035     386.091602      0.050086        9.227243       
185             384.152132      3581.802063     386.081131      0.050087        9.277330       
186             374.233606      3600.547424     386.017508      0.050090        9.327420       
187             393.924613      3620.278320     386.059742      0.050088        9.377508       
188             389.154414      3639.769897     386.076184      0.050087        9.427595       
189             373.629818      3658.483521     386.010409      0.050086        9.477681       
190             349.940745      3676.011353     385.820789      0.050088        9.527769       
191             372.195398      3694.653503     385.749536      0.050087        9.577856       
192             386.848444      3714.029968     385.755252      0.050088        9.627944       
193             379.693749      3733.048828     385.723880      0.050090        9.678034       
194             382.924134      3752.227966     385.709466      0.050086        9.728120       
195             402.217622      3772.373840     385.794025      0.050087        9.778207       
196             408.247549      3792.822144     385.908455      0.050088        9.828295       
197             391.820673      3812.447266     385.938433      0.050087        9.878382       
198             383.334463      3831.647339     385.925296      0.050087        9.928469       
199             381.505673      3850.756958     385.903111      0.050090        9.978559       
200             384.683065      3870.024963     385.897017      0.050088        10.028647      
201             385.032405      3889.315857     385.892719      0.050102        10.078749      
202             386.828930      3908.692505     385.897349      0.050091        10.128840      
203             390.786318      3928.268555     385.921409      0.050094        10.178934      
204             345.393916      3945.569336     385.722952      0.050090        10.229024      
205             368.583471      3964.030945     385.639435      0.050088        10.279112      
206             378.185974      3982.975037     385.603289      0.050092        10.329204      
207             386.718058      4002.344971     385.608669      0.050088        10.379292      
208             391.474092      4021.953125     385.636838      0.050088        10.429380      
209             387.428054      4041.359009     385.645399      0.050089        10.479469      
210             410.470869      4061.919495     385.763496      0.050090        10.529559      
211             393.447069      4081.627258     385.799875      0.050090        10.579649      
212             394.771979      4101.405334     385.842162      0.050100        10.629749      
213             375.983386      4120.238342     385.795923      0.050090        10.679839      
214             385.453194      4139.544922     385.794323      0.050088        10.729927      
215             381.140225      4158.642334     385.772690      0.050106        10.780033      
216             391.139211      4178.234497     385.797511      0.050090        10.830123      
217             388.847509      4197.712646     385.811553      0.050092        10.880215      
218             351.191286      4215.303467     385.652903      0.050089        10.930304      
219             357.892171      4233.230286     385.526265      0.050090        10.980394      
220             377.622965      4252.144287     385.490378      0.050087        11.030481      
221             387.422756      4271.550293     385.499113      0.050090        11.080571      
222             390.207312      4291.096558     385.520302      0.050092        11.130663      
223             380.549142      4310.158264     385.498031      0.050090        11.180753      
224             403.293584      4330.360046     385.577403      0.050092        11.230845      
225             411.292989      4350.959656     385.691575      0.050085        11.280930      
226             390.247963      4370.505615     385.711715      0.050086        11.331016      
227             376.816264      4389.379211     385.672567      0.050087        11.381103      
228             385.983559      4409.696228     385.673999      0.052637        11.433740      
229             383.332130      4428.891968     385.663787      0.050076        11.483816      
230             374.571467      4447.653503     385.615617      0.050088        11.533904      
231             404.364460      4467.907715     385.696686      0.050089        11.583993      
232             361.816991      4486.031128     385.593873      0.050090        11.634083      
233             354.641649      4503.795837     385.461176      0.050092        11.684175      
234             375.880392      4522.622559     385.420281      0.050087        11.734262      
235             389.532462      4542.133850     385.437760      0.050089        11.784351      
236             386.585237      4561.495972     385.442616      0.050085        11.834436      
237             383.440480      4580.701355     385.434178      0.050087        11.884523      
238             392.890589      4600.380066     385.465471      0.050087        11.934610      
239             416.039087      4621.211975     385.593208      0.050072        11.984682      
240             389.733520      4640.733337     385.610440      0.050089        12.034771      
241             383.505410      4659.941589     385.601715      0.050086        12.084857      
242             382.550262      4679.103149     385.589120      0.050089        12.134946      
243             385.435367      4698.409607     385.588488      0.050090        12.185036      
244             376.520354      4717.268005     385.551366      0.050086        12.235122      
245             391.345139      4736.870483     385.574989      0.050090        12.285212      
246             383.519869      4756.080994     385.566644      0.050090        12.335302      
247             345.770435      4773.400635     385.405697      0.050090        12.385392      
248             368.167864      4791.842163     385.336263      0.050090        12.435482      
249             383.424294      4811.047119     385.328593      0.050088        12.485570      
250             383.366680      4830.249573     385.320754      0.050089        12.535659      
251             387.801282      4849.674927     385.330626      0.050091        12.585750      
252             394.449902      4869.432922     385.366776      0.050090        12.635840      
253             404.312373      4889.686951     385.441589      0.050095        12.685935      
254             404.018396      4909.923828     385.514649      0.050089        12.736024      
255             384.655038      4929.190430     385.511282      0.050088        12.786112      
256             381.817016      4948.314880     385.496867      0.050088        12.836200      
257             379.797322      4967.338928     385.474712      0.050090        12.886290      
258             383.354960      4986.548462     385.466501      0.050109        12.936399      
259             395.267522      5006.347412     385.504305      0.050090        12.986489      
260             380.544628      5025.410034     385.485247      0.050093        13.036582      
261             355.186521      5043.202393     385.369270      0.050093        13.086675      
262             359.770856      5061.222595     385.271668      0.050088        13.136763      
263             382.778458      5080.395203     385.262198      0.050088        13.186851      
264             380.689560      5099.463562     385.244895      0.050089        13.236940      
265             391.056848      5119.051208     385.266805      0.050089        13.287029      
266             382.040914      5138.187256     385.254690      0.050089        13.337118      
267             409.327907      5158.690491     385.344763      0.050090        13.387208      
268             408.030961      5179.129578     385.429333      0.050092        13.437300      
269             384.483586      5198.387207     385.425821      0.050087        13.487387      
270             383.314966      5217.586304     385.418011      0.050087        13.537474      
271             376.948875      5236.466919     385.386791      0.050088        13.587562      
272             392.775512      5256.140259     385.413928      0.050088        13.637650      
273             378.091236      5275.083008     385.387125      0.050101        13.687751      
274             394.227574      5294.830261     385.419359      0.050091        13.737842      
275             365.149637      5313.120972     385.345720      0.050091        13.787933      
276             353.765687      5332.155334     385.222964      0.053805        13.841738      
277             374.003956      5350.884705     385.182521      0.050078        13.891816      
278             389.680185      5370.399109     385.198676      0.050078        13.941894      
279             384.207827      5389.643311     385.195129      0.050088        13.991982      
280             348.194191      5407.083313     385.063149      0.050087        14.042069      
281             441.070249      5429.174316     385.262205      0.050085        14.092154      
282             417.159068      5450.069397     385.375177      0.050089        14.142243      
283             381.487697      5469.180786     385.361455      0.050097        14.192340      
284             379.175882      5488.173706     385.339700      0.050090        14.242430      
285             386.260698      5507.521118     385.342928      0.050089        14.292519      
286             384.100090      5526.759155     385.338588      0.050086        14.342605      
287             379.760220      5545.775269     385.319180      0.050074        14.392679      
288             389.825106      5565.300049     385.334806      0.050086        14.442765      
289             380.028402      5584.337952     385.316464      0.050096        14.492861      
290             339.651395      5601.349731     385.159193      0.050086        14.542947      
291             380.727684      5620.421143     385.143981      0.050092        14.593039      
292             379.905097      5639.449829     385.126061      0.050088        14.643127      
293             392.146035      5659.091248     385.149992      0.050087        14.693214      
294             383.792650      5678.314270     385.145380      0.050087        14.743301      
295             396.774821      5698.187927     385.184756      0.050088        14.793389      
296             415.923475      5719.021118     385.288483      0.050089        14.843478      
297             383.250040      5738.217346     385.281627      0.050088        14.893566      
298             381.576048      5757.329346     385.269207      0.050087        14.943653      
299             387.598461      5776.747253     385.276990      0.050098        14.993751      
300             381.049162      5795.839722     385.262909      0.050105        15.043856      
301             382.613625      5815.004456     385.254117      0.050089        15.093945      
302             399.371914      5835.010193     385.300816      0.050093        15.144038      
303             382.042973      5855.145386     385.289517      0.052704        15.196742      
304             341.598454      5872.251953     385.146014      0.050078        15.246820      
305             352.600315      5889.912292     385.039451      0.050086        15.296906      
306             370.168894      5908.452942     384.990919      0.050087        15.346993      
307             394.539419      5928.215027     385.021982      0.050089        15.397082      
308             382.417441      5947.369934     385.013536      0.050089        15.447171      
309             387.974741      5966.803589     385.023108      0.050090        15.497261      
310             413.515925      5987.516602     385.114905      0.050090        15.547351      
311             398.424749      6007.472900     385.157647      0.050088        15.597439      
312             388.666211      6026.939636     385.168877      0.050086        15.647525      
313             381.543146      6046.049988     385.157308      0.050087        15.697612      
314             395.322375      6065.843384     385.189628      0.050069        15.747681      
315             382.935318      6085.024231     385.182480      0.050089        15.797770      
316             385.904493      6104.354187     385.184762      0.050090        15.847860      
317             402.409704      6124.511292     385.239034      0.050091        15.897951      
318             358.740254      6142.480591     385.155806      0.050090        15.948041      
319             346.880112      6159.855469     385.035968      0.050089        15.998130      
320             377.510630      6178.764221     385.012481      0.050088        16.048218      
321             395.596475      6198.578857     385.045411      0.050088        16.098306      
322             376.978120      6217.460938     385.020389      0.050088        16.148394      
323             393.043059      6237.148071     385.045197      0.050089        16.198483      
324             412.517041      6257.811462     385.129887      0.050091        16.248574      
325             396.426916      6277.667297     385.164603      0.050087        16.298661      
326             378.518132      6296.626892     385.144240      0.050089        16.348750      
327             386.881345      6316.005005     385.149546      0.050088        16.398838      
328             378.964825      6334.987732     385.130712      0.050091        16.448929      
329             385.127839      6354.278015     385.130703      0.050088        16.499017      
330             375.329228      6373.077881     385.101037      0.050089        16.549106      
331             402.419948      6393.235901     385.153301      0.050092        16.599198      
332             366.799466      6411.609253     385.098082      0.050091        16.649289      
333             346.251302      6428.954712     384.981549      0.050095        16.699384      
334             382.920696      6448.134827     384.975386      0.050089        16.749473      
335             388.847744      6468.846802     384.987661      0.053265        16.802738      
336             385.916918      6488.172363     384.990422      0.050077        16.852815      
337             350.090881      6505.706665     384.887011      0.050085        16.902900      
338             437.291273      6527.608398     385.041832      0.050085        16.952985      
339             409.504435      6548.121704     385.113901      0.050093        17.003078      
340             390.936183      6567.705261     385.131004      0.050094        17.053172      
341             378.031937      6586.640503     385.110214      0.050089        17.103261      
342             383.667658      6605.858032     385.106002      0.050089        17.153350      
343             376.634158      6624.732300     385.081323      0.050113        17.203463      
344             386.153467      6644.074341     385.084436      0.050089        17.253552      
345             391.721659      6663.695679     385.103649      0.050090        17.303642      
346             383.548075      6682.908752     385.099159      0.050093        17.353735      
347             332.994236      6699.591431     384.949169      0.050099        17.403834      
348             363.215781      6717.784546     384.886799      0.050089        17.453923      
349             386.674598      6737.151917     384.891914      0.050087        17.504010      
350             388.886952      6756.631653     384.903314      0.050091        17.554101      
351             385.138050      6775.923218     384.903982      0.050090        17.604191      
352             390.376906      6795.476807     384.919510      0.050089        17.654280      
353             410.273132      6816.026978     384.991240      0.050089        17.704369      
354             400.925756      6836.108948     385.036195      0.050089        17.754458      
355             386.694096      6855.477295     385.040859      0.050087        17.804545      
356             384.739489      6874.747742     385.040013      0.050087        17.854632      
357             389.280831      6894.230469     385.051867      0.050048        17.904680      
358             386.324463      6913.580688     385.055418      0.050088        17.954768      
359             381.410629      6932.685547     385.045278      0.050090        18.004858      
360             386.009285      6952.020752     385.047952      0.050090        18.054948      
361             354.932411      6969.799316     384.964633      0.050090        18.105038      
362             356.415533      6987.652527     384.885865      0.050091        18.155129      
363             383.179364      7006.845215     384.881170      0.050088        18.205217      
364             386.824072      7026.220459     384.886501      0.050088        18.255305      
365             390.699818      7045.790222     384.902408      0.050089        18.305394      
366             379.124962      7064.780212     384.886642      0.050089        18.355483      
367             418.177087      7085.727539     384.977244      0.050092        18.405575      
368             398.943201      7105.710205     385.015148      0.050089        18.455664      
369             386.864679      7125.088257     385.020154      0.050090        18.505754      
370             379.211738      7144.082214     385.004475      0.050088        18.555842      
371             382.264227      7163.229065     384.997099      0.050088        18.605930      
372             382.003140      7182.363220     384.989060      0.050089        18.656019      
373             387.618145      7201.778625     384.996100      0.050089        18.706108      
374             394.456740      7221.538147     385.021367      0.050093        18.756201      
375             360.933572      7239.617310     384.957210      0.050090        18.806291      
376             347.640107      7257.029907     384.858085      0.050088        18.856379      
377             383.201298      7276.223694     384.853696      0.050088        18.906467      
378             392.488626      7295.883057     384.873869      0.050089        18.956556      
379             387.573059      7315.296204     384.880983      0.050089        19.006645      
380             362.744346      7333.466431     384.822796      0.050091        19.056736      
381             417.711749      7354.393372     384.909032      0.050099        19.106835      
382             418.257506      7375.344727     384.996233      0.050092        19.156927      
383             385.330957      7394.645569     384.997106      0.050089        19.207016      
384             380.150411      7413.687683     384.984499      0.050091        19.257107      
385             380.469005      7432.744995     384.972784      0.050089        19.307196      
386             383.729950      7451.972168     384.969567      0.050106        19.357302      
387             368.806571      7470.444214     384.927854      0.050086        19.407388      
388             406.824680      7490.821655     384.984223      0.050089        19.457477      
389             375.474528      7509.630676     384.959802      0.050094        19.507571      
390             341.265056      7527.090820     384.845503      0.051163        19.558734      
391             363.736193      7545.310730     384.791579      0.050091        19.608825      
392             391.467999      7564.918579     384.808589      0.050088        19.658913      
393             385.998318      7584.253235     384.811613      0.050090        19.709003      
394             382.291035      7603.401428     384.805223      0.050088        19.759091      
395             401.438759      7623.509094     384.847283      0.050089        19.809180      
396             407.643099      7643.928345     384.904780      0.050091        19.859271      
397             397.831311      7663.854919     384.937301      0.050088        19.909359      
398             386.941054      7683.236023     384.942329      0.050088        19.959447      
399             377.169434      7702.127686     384.922872      0.050088        20.009535      
400             382.910063      7721.306885     384.917846      0.050088        20.059623      
401             389.492502      7740.803711     384.929234      0.050057        20.109680      
402             388.864253      7760.281921     384.939011      0.050090        20.159770      
403             387.278131      7779.681458     384.944809      0.050092        20.209862      
404             336.539005      7796.538696     384.825132      0.050090        20.259952      
405             360.623735      7814.601257     384.765448      0.050087        20.310039      
406             373.185688      7833.294128     384.736960      0.050090        20.360129      
407             385.783424      7852.617249     384.739528      0.050088        20.410217      
408             394.376792      7872.371582     384.763121      0.050090        20.460307      
409             383.638065      7891.588013     384.760374      0.050090        20.510397      
410             412.242283      7912.236816     384.827324      0.050089        20.560486      
411             402.038993      7932.374146     384.869152      0.050088        20.610574      
412             391.240128      7951.970581     384.884598      0.050088        20.660662      
413             391.910015      7971.601746     384.901589      0.050091        20.710753      
414             378.822051      7990.575806     384.886922      0.050087        20.760840      
415             379.785408      8009.598877     384.874643      0.050089        20.810929      
416             386.914638      8028.979431     384.879542      0.050090        20.861019      
417             388.743940      8048.452393     384.888799      0.050092        20.911111      
418             361.552575      8066.562561     384.833033      0.050090        20.961201      
419             340.938540      8083.639832     384.728393      0.050089        21.011290      
420             380.260356      8102.687073     384.717766      0.050090        21.061380      
421             383.331491      8121.886230     384.714478      0.050085        21.111465      
422             385.461724      8141.193237     384.716246      0.050088        21.161553      
423             378.909282      8160.172424     384.702534      0.050089        21.211642      
424             416.399786      8181.031555     384.777215      0.050094        21.261736      
425             408.388169      8201.491394     384.832718      0.050099        21.311835      
426             389.976418      8221.022583     384.844778      0.050083        21.361918      
427             391.151671      8240.614197     384.859531      0.050087        21.412005      
428             384.031688      8259.856873     384.857598      0.050107        21.462112      
429             376.878991      8278.734741     384.839020      0.050090        21.512202      
430             380.399832      8297.788208     384.828708      0.050088        21.562290      
431             402.578281      8318.878479     384.871728      0.052388        21.614678      
432             361.765015      8336.996033     384.818314      0.050081        21.664759      
433             338.074328      8353.930176     384.710489      0.050090        21.714849      
434             373.569665      8372.641907     384.684850      0.050089        21.764938      
435             391.621741      8392.258240     384.700778      0.050090        21.815028      
436             377.756548      8411.179688     384.684870      0.050089        21.865117      
437             395.145545      8430.970947     384.708777      0.050086        21.915203      
438             387.820498      8450.395325     384.715873      0.050086        21.965289      
439             424.453269      8471.656189     384.806284      0.050090        22.015379      
440             388.010948      8491.090881     384.813559      0.050088        22.065467      
441             382.442707      8510.247437     384.808189      0.050090        22.115557      
442             383.032254      8529.432373     384.804176      0.050087        22.165644      
443             387.760283      8548.855286     384.810841      0.050090        22.215734      
444             387.051943      8568.241943     384.815883      0.050088        22.265822      
445             393.295836      8587.941345     384.834916      0.050088        22.315910      
446             371.490846      8606.548950     384.805032      0.050089        22.365999      
447             340.281383      8623.594666     384.705535      0.050093        22.416092      
448             363.073275      8641.781006     384.657304      0.050090        22.466182      
449             379.740592      8660.801453     384.646367      0.050088        22.516270      
450             388.294873      8680.250366     384.654465      0.050088        22.566358      
451             388.803914      8699.723999     384.663654      0.050086        22.616444      
452             394.462087      8719.482605     384.685308      0.050090        22.666534      
453             409.173156      8739.978088     384.739303      0.050090        22.716624      
454             400.154313      8760.007812     384.773195      0.050055        22.766679      
455             388.538584      8779.468933     384.781461      0.050088        22.816767      
456             392.115755      8799.109619     384.797526      0.050089        22.866856      
457             374.230849      8817.855591     384.774429      0.050092        22.916948      
458             388.914212      8837.336304     384.783458      0.050090        22.967038      
459             388.677821      8856.805176     384.791933      0.050090        23.017128      
460             381.545271      8875.917542     384.784883      0.050092        23.067220      
461             348.038082      8893.350769     384.705261      0.050090        23.117310      
462             352.474128      8911.005493     384.635577      0.050088        23.167398      
463             378.653390      8929.971863     384.622671      0.050089        23.217487      
464             391.881796      8949.600830     384.638298      0.050089        23.267576      
465             392.347798      8969.252747     384.654859      0.050088        23.317664      
466             379.056799      8988.295044     384.642824      0.050236        23.367900      
467             411.683573      9008.915039     384.700659      0.050087        23.417987      
468             383.071121      9028.103455     384.697181      0.050091        23.468078      
469             392.572457      9048.362549     384.714461      0.051606        23.519684      
470             394.502596      9068.120422     384.735259      0.050083        23.569767      
471             387.158779      9087.525208     384.740402      0.050121        23.619888      
472             386.316306      9106.872314     384.743736      0.050081        23.669969      
473             381.629075      9125.984680     384.737160      0.050081        23.720050      
474             402.569533      9146.146973     384.774733      0.050084        23.770134      
475             375.247090      9164.941223     384.754700      0.050085        23.820219      
476             346.670572      9182.304565     384.674790      0.050086        23.870305      
477             366.472948      9200.658997     384.636679      0.050084        23.920389      
478             391.028863      9220.243286     384.650035      0.050084        23.970473      
479             383.001577      9239.425537     384.646598      0.050084        24.020557      
480             379.038742      9258.782288     384.634701      0.051068        24.071625      
481             406.674112      9280.366516     384.683188      0.053075        24.124700      
482             418.914365      9301.344910     384.754098      0.050078        24.174778      
483             380.089434      9320.379028     384.744455      0.050078        24.224856      
484             375.561958      9339.185669     384.725513      0.050076        24.274932      
485             380.573011      9358.244385     384.716964      0.050079        24.325011      
486             386.922450      9377.620300     384.721495      0.050077        24.375088      
487             390.097757      9397.156006     384.732518      0.050079        24.425167      
488             392.116052      9416.792786     384.747626      0.050079        24.475246      
489             371.760918      9435.411316     384.721106      0.050082        24.525328      
490             341.006620      9452.488586     384.632026      0.050079        24.575407      
491             367.522316      9470.894104     384.597231      0.050080        24.625487      
492             387.422540      9490.295837     384.602965      0.050079        24.675566      
493             379.579023      9509.304016     384.592790      0.050077        24.725643      
494             391.248562      9528.880920     384.606232      0.050037        24.775680      
495             390.523596      9548.437561     384.618168      0.050078        24.825758      
496             414.871105      9569.212646     384.679068      0.050076        24.875834      
497             394.075846      9588.947571     384.697948      0.050079        24.925913      
498             390.519206      9608.503601     384.709619      0.050077        24.975990      
499             378.771909      9627.471741     384.697738      0.050078        25.026068      
500             382.382646      9646.619934     384.693114      0.050076        25.076144      
501             380.556235      9665.677429     384.684869      0.050078        25.126222      
502             395.507276      9685.483643     384.706396      0.050078        25.176300      
503             387.309992      9704.880127     384.711565      0.050080        25.226380      
504             342.952543      9722.054504     384.628831      0.050078        25.276458      
505             358.023027      9739.983582     384.576224      0.050078        25.326536      
506             381.573022      9759.091614     384.570298      0.050077        25.376613      
507             382.175873      9778.226013     384.565583      0.050067        25.426680      
508             388.173404      9797.664185     384.572674      0.050076        25.476756      
509             394.151411      9817.402893     384.591466      0.050079        25.526835      
510             404.801088      9837.674927     384.631036      0.050079        25.576914      
511             404.578818      9857.935425     384.670016      0.050078        25.626992      
512             392.887918      9877.609680     384.686043      0.050076        25.677068      
513             375.265054      9896.402954     384.667704      0.050080        25.727148      
514             390.336300      9915.960754     384.678723      0.050105        25.777253      
515             377.548005      9934.867981     384.664896      0.050079        25.827332      
516             381.473688      9953.971802     384.658720      0.050079        25.877411      
517             400.718024      9974.040161     384.689740      0.050081        25.927492      
518             366.106123      9992.374390     384.653915      0.050079        25.977571      
519             338.221612      10009.312866    384.564573      0.050081        26.027652      
520             368.067024      10027.746399    384.532889      0.050082        26.077734      
521             396.215400      10047.588074    384.555281      0.050078        26.127812      
522             387.847539      10067.010315    384.561578      0.050077        26.177889      
523             351.571617      10084.615967    384.498591      0.050077        26.227966      
524             438.323449      10106.564575    384.601157      0.050074        26.278040      
525             406.829541      10126.938599    384.643438      0.050080        26.328120      
526             393.683400      10146.653870    384.660601      0.050079        26.378199      
527             379.514159      10165.659180    384.650849      0.050078        26.428277      
528             382.722375      10184.824768    384.647202      0.050077        26.478354      
529             390.967734      10204.403259    384.659133      0.050077        26.528431      
530             383.310727      10223.598694    384.656592      0.050078        26.578509      
531             387.904391      10243.024170    384.662700      0.050078        26.628587      
532             381.617492      10262.136719    384.656983      0.050083        26.678670      
533             338.011520      10279.063660    384.569590      0.050078        26.728748      
534             356.663872      10296.924316    384.517406      0.050077        26.778825      
535             392.716749      10316.590393    384.532710      0.050077        26.828902      
536             387.076022      10335.973999    384.537448      0.050077        26.878979      
537             381.761032      10355.091064    384.532285      0.050076        26.929055      
538             401.756073      10375.210205    384.564256      0.050078        26.979133      
539             405.427451      10395.512390    384.602908      0.050076        27.029209      
540             395.941795      10415.340759    384.623878      0.050079        27.079288      
541             384.099649      10434.575317    384.622910      0.050077        27.129365      
542             385.832036      10453.897400    384.625138      0.050079        27.179444      
543             389.961728      10473.425903    384.634953      0.050078        27.229522      
544             375.209531      10492.215271    384.617650      0.050077        27.279599      
545             395.150871      10512.004822    384.636952      0.050081        27.329680      
546             386.274452      10531.349060    384.639947      0.050079        27.379759      
547             337.525218      10548.251648    384.553931      0.050078        27.429837      
548             364.137631      10566.485840    384.516728      0.050075        27.479912      
549             378.006501      10585.415649    384.504885      0.050078        27.529990      
550             387.768746      10604.833557    384.510811      0.050076        27.580066      
551             391.316318      10624.429504    384.523146      0.050077        27.630143      
552             377.641317      10643.340271    384.510696      0.050076        27.680219      
553             420.904795      10664.418762    384.576421      0.050079        27.730298      
554             398.601889      10684.379150    384.601703      0.050076        27.780374      
555             391.871590      10704.003296    384.614784      0.050078        27.830452      
556             381.552262      10723.119446    384.609281      0.050101        27.880553      
557             387.862951      10742.542847    384.615115      0.050078        27.930631      
558             373.765790      10761.249451    384.595709      0.050049        27.980680      
559             389.163871      10780.737610    384.603870      0.050077        28.030757      
560             397.949121      10800.666504    384.627669      0.050079        28.080836      
561             342.354111      10817.810913    384.552415      0.050078        28.130914      
562             360.156051      10835.847168    384.509061      0.050079        28.180993      
563             375.471578      10854.649658    384.493030      0.050077        28.231070      
564             386.666905      10874.012390    384.496880      0.050076        28.281146      
565             386.567772      10893.370544    384.500540      0.050077        28.331223      
566             380.345189      10912.419373    384.493207      0.050083        28.381306      
567             415.571424      10933.230774    384.547948      0.050079        28.431385      
568             405.680184      10953.546021    384.585104      0.050077        28.481462      
569             393.992970      10973.276794    384.601617      0.050079        28.531541      
570             379.738010      10992.292175    384.593096      0.050075        28.581616      
571             376.253015      11011.128906    384.578513      0.050064        28.631680      
572             388.410193      11030.579712    384.585203      0.050078        28.681758      
573             361.341338      11048.673157    384.544694      0.050073        28.731831      
574             417.506895      11069.578979    384.602040      0.050073        28.781904      
575             369.360321      11088.075806    384.575566      0.050078        28.831982      
576             335.011453      11104.852844    384.489626      0.050079        28.882061      
577             368.984875      11123.331238    384.462789      0.050079        28.932140      
578             393.457252      11143.034790    384.478330      0.050078        28.982218      
579             381.708002      11162.149963    384.473552      0.050078        29.032296      
580             395.276284      11181.944214    384.492153      0.050077        29.082373      
581             400.408078      11201.995850    384.519512      0.050078        29.132451      
582             405.982933      11222.327881    384.556346      0.050081        29.182532      
583             398.720607      11242.295410    384.580611      0.050079        29.232611      
584             383.673412      11261.505554    384.579060      0.050069        29.282680      
585             378.802630      11280.474854    384.569199      0.050077        29.332757      
586             379.515909      11299.479492    384.560587      0.050076        29.382833      
587             385.016581      11318.759583    384.561362      0.050076        29.432909      
588             391.003080      11338.339844    384.572304      0.050077        29.482986      
589             378.849660      11357.312256    384.562600      0.050079        29.533065      
590             351.855603      11374.932129    384.507235      0.050077        29.583142      
591             360.140649      11393.852478    384.464040      0.052536        29.635678      
592             377.913121      11412.776855    384.452989      0.050076        29.685754      
593             388.554904      11432.234131    384.459897      0.050076        29.735830      
594             389.519015      11451.739685    384.468402      0.050076        29.785906      
595             388.940826      11471.216675    384.475909      0.050077        29.835983      
596             413.640609      11491.930969    384.524778      0.050078        29.886061      
597             399.412424      11511.931946    384.549681      0.050076        29.936137      
598             384.942606      11531.207947    384.550338      0.050075        29.986212      
599             387.502639      11550.620667    384.555262      0.050097        30.036309      
600             381.837507      11569.741943    384.550738      0.050077        30.086386      
601             384.094773      11588.976257    384.549980      0.050077        30.136463      
602             383.856750      11608.199036    384.548830      0.050078        30.186541      
603             388.942356      11627.676880    384.556107      0.050079        30.236620      
604             354.514016      11645.424561    384.506449      0.050062        30.286682      
605             349.890289      11662.946716    384.449306      0.050079        30.336761      
606             374.194249      11681.685242    384.432406      0.050077        30.386838      
607             384.064303      11700.918030    384.431800      0.050077        30.436915      
608             387.444478      11720.320862    384.436749      0.050079        30.486994      
609             389.584185      11739.831238    384.445191      0.050080        30.537074      
610             406.656875      11760.195801    384.481556      0.050078        30.587152      
611             402.949280      11780.374695    384.511743      0.050078        30.637230      
612             397.655359      11800.289673    384.533193      0.050081        30.687311      
613             391.633213      11819.901489    384.544760      0.050077        30.737388      
614             379.325507      11838.896973    384.536271      0.050077        30.787465      
615             375.612775      11857.706909    384.521779      0.050078        30.837543      
616             386.623834      11877.069031    384.525188      0.050080        30.887623      
617             401.386901      11897.161255    384.552470      0.050057        30.937680      
618             363.427472      11915.362793    384.518327      0.050083        30.987763      
619             338.487960      11932.314270    384.444057      0.050080        31.037843      
620             374.205218      11951.053345    384.427564      0.050077        31.087920      
621             379.231917      11970.043762    384.419208      0.050076        31.137996      
622             386.895223      11989.418701    384.423184      0.050078        31.188074      
623             397.420227      12009.319519    384.444018      0.050075        31.238149      
624             396.642588      12029.182190    384.463542      0.050077        31.288226      
625             415.496518      12049.993164    384.513141      0.050087        31.338313      
626             389.783035      12069.512329    384.521549      0.050077        31.388390      
627             383.844562      12088.734497    384.520470      0.050078        31.438468      
628             384.291004      12107.978638    384.520105      0.050077        31.488545      
629             372.787329      12126.647827    384.501475      0.050080        31.538625      
630             392.664301      12146.302246    384.514409      0.050054        31.588679      
631             392.206061      12165.942749    384.526583      0.050077        31.638756      
632             379.435099      12184.945618    384.518537      0.050082        31.688838      
633             340.308777      12201.988281    384.448779      0.050080        31.738918      
634             356.334987      12219.832825    384.404491      0.050078        31.788996      
635             389.742344      12239.350342    384.412887      0.050078        31.839074      
636             383.996048      12258.579712    384.412232      0.050077        31.889151      
637             392.986259      12278.260071    384.425676      0.050079        31.939230      
638             393.632211      12297.972778    384.440088      0.050079        31.989309      
639             410.890427      12318.550171    384.481432      0.050080        32.039389      
640             393.824778      12338.272522    384.496014      0.050079        32.089468      
641             391.989625      12357.901794    384.507689      0.050076        32.139544      
642             377.163810      12376.796570    384.496260      0.050097        32.189641      
643             385.100013      12396.066589    384.497197      0.050039        32.239680      
644             381.673275      12415.179260    384.492817      0.050076        32.289756      
645             391.276815      12434.773621    384.503322      0.050078        32.339834      
646             388.448307      12454.227112    384.509422      0.050080        32.389914      
647             351.974398      12471.853638    384.459196      0.050079        32.439993      
648             346.316039      12489.196106    384.400406      0.050077        32.490070      
649             380.388606      12508.244446    384.394232      0.050076        32.540146      
650             394.139223      12527.982544    384.409207      0.050079        32.590225      
651             380.625994      12547.043152    384.403403      0.050077        32.640302      
652             385.256315      12566.335632    384.404709      0.050077        32.690379      
653             414.699030      12587.103760    384.451048      0.050080        32.740459      
654             409.194558      12607.594177    384.488834      0.050075        32.790534      
655             385.380252      12626.893250    384.490193      0.050078        32.840612      
656             379.347369      12645.886414    384.482364      0.050068        32.890680      
657             387.622056      12665.297363    384.487137      0.050077        32.940757      
658             382.517612      12684.452698    384.484148      0.050077        32.990834      
659             380.205220      12703.492615    384.477663      0.050078        33.040912      
660             397.181310      12723.382263    384.496887      0.050077        33.090989      
661             366.120748      12741.717224    384.469119      0.050079        33.141068      
662             342.889343      12758.889465    384.406381      0.050081        33.191149      
663             366.117086      12777.223145    384.378829      0.050076        33.241225      
664             388.765315      12796.691345    384.385427      0.050077        33.291302      
665             387.830907      12816.112366    384.390602      0.050076        33.341378      
666             379.942233      12835.138733    384.383931      0.050077        33.391455      
667             404.520627      12855.395508    384.414084      0.050076        33.441531      
668             414.234685      12876.140381    384.458675      0.050080        33.491611      
669             395.221196      12895.928711    384.474740      0.050069        33.541680      
670             383.810787      12915.148804    384.473751      0.050077        33.591757      
671             378.573491      12934.106628    384.464968      0.050077        33.641834      
672             388.744145      12953.574158    384.471328      0.050078        33.691912      
673             378.820661      12972.544739    384.462942      0.050078        33.741990      
674             397.730960      12992.462708    384.482605      0.050079        33.792069      
675             372.741278      13011.128845    384.465230      0.050078        33.842147      
676             345.538034      13028.433044    384.407712      0.050079        33.892226      
677             358.455702      13046.383789    384.369423      0.050078        33.942304      
678             391.486954      13065.988281    384.379908      0.050077        33.992381      
679             379.522957      13084.993652    384.372763      0.050077        34.042458      
680             389.613151      13104.504700    384.380461      0.050078        34.092536      
681             395.818425      13125.143860    384.397928      0.052143        34.144679      
682             405.362945      13145.444031    384.428632      0.050079        34.194758      
683             400.134525      13165.481567    384.451599      0.050077        34.244835      
684             393.321565      13185.186584    384.464556      0.050099        34.294934      
685             381.271655      13204.278381    384.459901      0.050074        34.345008      
686             377.702030      13223.192566    384.450062      0.050077        34.395085      
687             388.419612      13242.643066    384.455833      0.050076        34.445161      
688             383.637540      13261.856018    384.454645      0.050081        34.495242      
689             393.440057      13281.557922    384.467670      0.050076        34.545318      
690             346.947775      13298.932373    384.413359      0.050078        34.595396      
691             356.212907      13316.770447    384.372597      0.050077        34.645473      
692             387.425773      13336.172729    384.377004      0.050080        34.695553      
693             384.775462      13355.443054    384.377579      0.050082        34.745635      
694             398.113378      13375.366638    384.397334      0.050045        34.795680      
695             385.554541      13394.674438    384.398997      0.050078        34.845758      
696             416.404852      13415.527161    384.444928      0.050078        34.895836      
697             395.103918      13435.313965    384.460203      0.050080        34.945916      
698             372.004018      13453.942810    384.442379      0.050077        34.995993      
699             388.900917      13473.418579    384.448750      0.050079        35.046072      
700             378.682216      13492.381470    384.440522      0.050076        35.096148      
701             392.815474      13512.052490    384.452455      0.050077        35.146225      
702             379.708628      13531.068298    384.445705      0.050080        35.196305      
703             399.062521      13551.052551    384.466473      0.050078        35.246383      
704             360.155930      13569.088440    384.431981      0.050078        35.296461      
705             342.047963      13586.216492    384.371937      0.050075        35.346536      
706             367.111632      13604.600708    384.347517      0.050078        35.396614      
707             390.113712      13624.132141    384.355662      0.050066        35.446680      
708             390.111854      13643.666992    384.363782      0.050075        35.496755      
709             381.383195      13662.766663    384.359583      0.050080        35.546835      
710             411.291978      13683.363342    384.397471      0.050078        35.596913      
711             407.680669      13703.779175    384.430180      0.050078        35.646991      
712             390.827077      13723.351013    384.439154      0.050078        35.697069      
713             378.864790      13742.323425    384.431345      0.050077        35.747146      
714             382.226313      13761.464172    384.428261      0.050077        35.797223      
715             385.425731      13780.765137    384.429654      0.050077        35.847300      
716             381.741530      13799.881226    384.425904      0.050076        35.897376      
717             180.104678      13808.907532    384.141045      0.050117        35.947493      
