1               251.910631      13.572693       251.910631      0.053879        0.053879       
2               446.367374      35.946411       345.628599      0.050124        0.104003       
3               414.215596      56.700684       367.928230      0.050105        0.154108       
4               386.097976      76.046509       372.386363      0.050106        0.204214       
5               387.535535      95.460876       375.370615      0.050097        0.254311       
6               388.844128      114.936523      377.587570      0.050086        0.304397       
7               376.763489      133.805969      377.471139      0.050083        0.354480       
8               376.576617      152.666809      377.360397      0.050085        0.404565       
9               367.865608      171.093933      376.314305      0.050092        0.454657       
10              396.941885      192.213623      378.475343      0.053206        0.507863       
11              410.184966      212.754456      381.321389      0.050077        0.557940       
12              387.507373      232.161987      381.830930      0.050083        0.608023       
13              383.391547      251.363770      381.949697      0.050084        0.658107       
14              384.990517      270.646790      382.164759      0.050087        0.708194       
15              373.089837      289.333740      381.565330      0.050087        0.758281       
16              387.977698      308.765991      381.962637      0.050086        0.808367       
17              390.219935      328.310547      382.444405      0.050086        0.858453       
18              410.349562      348.864136      383.982821      0.050088        0.908541       
19              404.364308      369.117126      385.047705      0.050086        0.958627       
20              382.872067      388.293274      384.939679      0.050085        1.008712       
21              381.371326      407.395020      384.770877      0.050087        1.058799       
22              382.748938      426.556580      384.679590      0.050063        1.108862       
23              384.627379      445.821411      384.677334      0.050087        1.158949       
24              384.767887      465.092896      384.681085      0.050086        1.209035       
25              415.081225      485.883484      385.890405      0.050088        1.259123       
26              404.333385      506.134521      386.595958      0.050085        1.309208       
27              396.005229      525.967651      386.942642      0.050083        1.359291       
28              379.143757      544.957825      386.665483      0.050087        1.409378       
29              382.365045      564.110107      386.517891      0.050089        1.459467       
30              384.713899      583.379272      386.458035      0.050087        1.509554       
31              373.906288      602.107117      386.054943      0.050087        1.559641       
32              417.724278      623.030090      387.040359      0.050088        1.609729       
33              406.520047      643.392273      387.628206      0.050089        1.659818       
34              390.983069      662.959412      387.726399      0.050046        1.709864       
35              381.555638      682.070007      387.550787      0.050086        1.759950       
36              386.103507      701.409546      387.510736      0.050089        1.810039       
37              384.220013      720.654358      387.422127      0.050088        1.860127       
38              382.873618      739.830200      387.302869      0.050084        1.910211       
39              395.146764      759.621521      387.503282      0.050086        1.960297       
40              417.889441      780.551514      388.260298      0.050085        2.010382       
41              398.622803      800.517334      388.512195      0.050087        2.060469       
42              378.718721      819.485840      388.279784      0.050086        2.110555       
43              386.603918      838.850830      388.240933      0.050090        2.160645       
44              384.393668      858.124329      388.153678      0.050140        2.210785       
45              376.521589      876.980530      387.896018      0.050080        2.260865       
46              389.936744      896.511292      387.940248      0.050087        2.310952       
47              420.363401      917.565613      388.628058      0.050086        2.361038       
48              403.810310      937.791260      388.943443      0.050087        2.411125       
49              388.396456      957.244873      388.932312      0.050087        2.461212       
50              385.447870      976.550415      388.862817      0.050086        2.511298       
51              377.790899      995.473206      388.646305      0.050088        2.561386       
52              391.133616      1015.064697     388.694013      0.050089        2.611475       
53              385.486480      1034.372559     388.633651      0.050087        2.661562       
54              410.687330      1054.941833     389.040990      0.050085        2.711647       
55              411.965676      1075.576782     389.456770      0.050089        2.761736       
56              387.165687      1094.968750     389.415959      0.050087        2.811823       
57              382.418998      1114.104614     389.293619      0.050039        2.861862       
58              384.270695      1133.351196     389.207224      0.050086        2.911948       
59              384.030274      1152.586121     389.119683      0.050087        2.962035       
60              370.242170      1171.129700     388.805791      0.050085        3.012120       
61              410.523148      1191.691162     389.161004      0.050086        3.062206       
62              417.401163      1212.597534     389.615481      0.050087        3.112293       
63              388.562629      1232.059082     389.598806      0.050086        3.162379       
64              387.029234      1251.443054     389.558745      0.050084        3.212463       
65              387.929656      1270.874451     389.533733      0.050090        3.262553       
66              374.942258      1289.653809     389.313115      0.050086        3.312639       
67              391.979983      1309.288086     389.352840      0.050090        3.362729       
68              393.359743      1328.990295     389.411646      0.050087        3.412816       
69              411.448860      1349.581665     389.730132      0.050046        3.462862       
70              369.359818      1368.081421     389.439702      0.050086        3.512948       
71              361.971488      1386.211487     389.053570      0.050087        3.563035       
72              383.631274      1405.425659     388.978406      0.050085        3.613120       
73              376.978120      1424.307739     388.814323      0.050088        3.663208       
74              389.257074      1443.805237     388.820295      0.050089        3.713297       
75              388.595410      1463.269592     388.817302      0.050089        3.763386       
76              412.384258      1483.924683     389.126836      0.050087        3.813473       
77              377.902254      1502.852295     388.981324      0.050086        3.863559       
78              352.398853      1520.503601     388.513122      0.050089        3.913648       
79              371.799023      1539.127014     388.301904      0.050090        3.963738       
80              389.463470      1558.634460     388.316399      0.050088        4.013826       
81              376.683580      1578.258545     388.167347      0.052097        4.065923       
82              379.869921      1597.280151     388.066403      0.050074        4.115997       
83              408.688296      1617.750122     388.314331      0.050087        4.166084       
84              415.051736      1638.538818     388.631964      0.050087        4.216171       
85              372.420835      1657.192261     388.441642      0.050087        4.266258       
86              390.984002      1676.775085     388.471143      0.050086        4.316344       
87              380.264685      1695.833191     388.376949      0.050118        4.366462       
88              379.066729      1714.819885     388.271362      0.050088        4.416550       
89              385.612825      1734.134460     388.241550      0.050088        4.466638       
90              397.719164      1754.056213     388.346656      0.050090        4.516728       
91              391.207726      1773.650635     388.378035      0.050087        4.566815       
92              353.017344      1791.319153     387.994700      0.050050        4.616865       
93              339.106405      1808.304993     387.469987      0.050090        4.666955       
94              372.202589      1826.947876     387.307870      0.050088        4.717043       
95              377.780226      1845.871643     387.207755      0.050092        4.767135       
96              391.062219      1865.459167     387.247833      0.050088        4.817223       
97              381.011844      1884.542908     387.183662      0.050087        4.867310       
98              416.557112      1905.407837     387.482862      0.050089        4.917399       
99              412.021731      1926.043945     387.730277      0.050085        4.967484       
100             377.208428      1944.937561     387.625242      0.050088        5.017572       
101             383.931922      1964.167175     387.588739      0.050086        5.067658       
102             384.156648      1983.408813     387.555149      0.050088        5.117746       
103             387.687241      2002.826904     387.556429      0.050087        5.167833       
104             366.627601      2021.194214     387.355489      0.050098        5.217931       
105             417.991622      2042.128906     387.646752      0.050084        5.268015       
106             390.723460      2061.699463     387.675730      0.050088        5.318103       
107             345.446287      2079.001831     387.281715      0.050087        5.368190       
108             362.320003      2097.149353     387.050967      0.050087        5.418277       
109             379.803010      2116.172546     386.984580      0.050087        5.468364       
110             381.001210      2135.256897     386.930270      0.050090        5.518454       
111             387.835451      2154.806519     386.938463      0.050407        5.568861       
112             400.260976      2174.855591     387.057227      0.050090        5.618951       
113             409.824536      2195.384521     387.258400      0.050092        5.669043       
114             398.398583      2215.339111     387.355963      0.050087        5.719130       
115             379.755756      2234.359558     387.289982      0.050086        5.769216       
116             376.802648      2253.232849     387.199715      0.050088        5.819304       
117             385.731465      2272.554138     387.187185      0.050090        5.869394       
118             378.173024      2291.494934     387.110915      0.050085        5.919479       
119             388.423596      2310.950684     387.121930      0.050089        5.969568       
120             400.709228      2331.023010     387.234995      0.050092        6.019660       
121             378.418944      2349.978394     387.162240      0.050091        6.069751       
122             330.361876      2366.526550     386.697328      0.050091        6.119842       
123             351.173908      2384.117554     386.408923      0.050092        6.169934       
124             385.807332      2404.562256     386.403800      0.052992        6.222926       
125             381.276847      2423.655457     386.362872      0.050077        6.273003       
126             363.673189      2441.866028     386.183187      0.050074        6.323077       
127             425.326788      2463.168945     386.490812      0.050086        6.373163       
128             414.915501      2483.951233     386.712466      0.050088        6.423251       
129             398.820213      2503.926941     386.806149      0.050087        6.473338       
130             378.138061      2522.875061     386.739566      0.050109        6.523447       
131             386.663223      2542.242249     386.738984      0.050088        6.573535       
132             380.163432      2561.283875     386.689260      0.050088        6.623623       
133             387.247752      2580.679565     386.693451      0.050086        6.673709       
134             398.419875      2600.635620     386.780806      0.050088        6.723797       
135             402.339781      2620.779968     386.895807      0.050068        6.773865       
136             351.002109      2638.360962     386.632347      0.050088        6.823953       
137             343.747582      2655.578247     386.319871      0.050087        6.874040       
138             380.020507      2675.676392     386.271776      0.052887        6.926927       
139             385.977860      2695.005005     386.269666      0.050077        6.977004       
140             377.721211      2713.924683     386.208733      0.050089        7.027093       
141             395.870685      2733.753845     386.277117      0.050090        7.077183       
142             410.841296      2754.332886     386.449752      0.050090        7.127273       
143             412.861655      2775.011475     386.634063      0.050086        7.177359       
144             371.658111      2793.626343     386.530280      0.050086        7.227445       
145             389.386531      2813.131104     386.549940      0.050091        7.277536       
146             378.451843      2832.088135     386.494582      0.050091        7.327627       
147             375.749432      2850.909424     386.421629      0.050090        7.377717       
148             385.293182      2870.208374     386.414020      0.050089        7.427806       
149             409.354608      2890.700256     386.567591      0.050059        7.477865       
150             373.606516      2909.413086     386.481355      0.050087        7.527952       
151             330.154512      2925.950195     386.109048      0.050089        7.578041       
152             349.639761      2943.462952     385.869582      0.050088        7.628129       
153             376.734408      2962.332825     385.809990      0.050088        7.678217       
154             391.252033      2981.931030     385.845263      0.050091        7.728308       
155             375.550156      3000.741211     385.778970      0.050087        7.778395       
156             390.665699      3020.309265     385.810237      0.050089        7.828484       
157             424.195981      3041.555969     386.054269      0.050087        7.878571       
158             398.837840      3061.532959     386.135027      0.050088        7.928659       
159             385.782251      3080.857178     386.132812      0.050091        7.978750       
160             384.950304      3100.138184     386.125436      0.050087        8.028837       
161             386.083217      3119.477478     386.125174      0.050091        8.078928       
162             376.280087      3138.324219     386.064513      0.050087        8.129015       
163             392.599348      3157.988342     386.104531      0.050087        8.179102       
164             413.030958      3178.677063     386.268429      0.050090        8.229192       
165             383.620482      3197.891846     386.252409      0.050088        8.279280       
166             348.944838      3215.369446     386.028067      0.050087        8.329367       
167             371.197279      3233.961975     385.939417      0.050088        8.379455       
168             387.470278      3253.370361     385.948513      0.050090        8.429545       
169             382.744339      3272.541260     385.929587      0.050088        8.479633       
170             363.834511      3290.763184     385.799854      0.050083        8.529716       
171             425.873915      3312.093079     386.033788      0.050085        8.579801       
172             412.299007      3332.760803     386.186353      0.050128        8.629929       
173             359.484360      3350.766296     386.032272      0.050087        8.680016       
174             370.837804      3369.340820     385.945095      0.050088        8.730104       
175             386.846813      3388.717590     385.950239      0.050089        8.780193       
176             374.948002      3407.497986     385.887831      0.050088        8.830281       
177             386.967448      3426.880798     385.893921      0.050089        8.880370       
178             400.066147      3446.919312     385.973408      0.050088        8.930458       
179             405.986753      3467.255188     386.085035      0.050090        8.980548       
180             366.605758      3485.617371     385.976996      0.050087        9.030635       
181             355.358239      3503.416199     385.808111      0.050087        9.080722       
182             386.079533      3522.754150     385.809600      0.050088        9.130810       
183             385.995050      3542.073975     385.810611      0.050052        9.180862       
184             379.576354      3561.085815     385.776784      0.050087        9.230949       
185             387.801356      3580.510010     385.787710      0.050088        9.281037       
186             411.726223      3601.132141     385.926941      0.050087        9.331124       
187             405.554968      3621.445984     386.031741      0.050089        9.381213       
188             346.336249      3638.793274     385.820925      0.050088        9.431301       
189             386.391081      3658.147217     385.823937      0.050089        9.481390       
190             382.680612      3678.227234     385.806637      0.052472        9.533862       
191             383.599583      3697.437134     385.795104      0.050078        9.583940       
192             377.583206      3716.348389     385.752413      0.050085        9.634025       
193             407.075306      3736.736755     385.862692      0.050085        9.684110       
194             400.407344      3756.792358     385.937533      0.050088        9.734198       
195             356.195805      3774.633850     385.785275      0.050089        9.784287       
196             364.298943      3792.880127     385.675846      0.050086        9.834373       
197             386.429260      3812.235596     385.679664      0.050088        9.884461       
198             379.238806      3831.230530     385.647191      0.050087        9.934548       
199             388.210353      3850.675598     385.660049      0.050089        9.984637       
200             402.631704      3870.843018     385.744764      0.050089        10.034726      
201             411.131302      3891.436584     385.870856      0.050090        10.084816      
202             375.187736      3910.214355     385.818100      0.050049        10.134865      
203             359.501421      3928.220703     385.688681      0.050087        10.184952      
204             381.332029      3947.320862     385.667361      0.050088        10.235040      
205             386.725379      3966.690002     385.672513      0.050085        10.285125      
206             384.312128      3985.938660     385.665920      0.050086        10.335211      
207             383.372239      4005.140625     385.654858      0.050087        10.385298      
208             418.060967      4026.081299     385.810408      0.050090        10.435388      
209             384.439354      4045.337097     385.803858      0.050088        10.485476      
210             347.125875      4062.723938     385.619976      0.050088        10.535564      
211             371.059388      4081.310303     385.551077      0.050090        10.585654      
212             390.468781      4100.868103     385.574237      0.050088        10.635742      
213             388.189736      4120.310974     385.586496      0.050086        10.685828      
214             368.694360      4138.778137     385.507686      0.050088        10.735916      
215             413.820771      4159.514282     385.639221      0.050109        10.786025      
216             411.923639      4180.147949     385.760724      0.050091        10.836116      
217             361.592785      4198.260132     385.649521      0.050090        10.886206      
218             372.239387      4216.904114     385.588106      0.050086        10.936292      
219             383.466070      4236.110779     385.578431      0.050087        10.986379      
220             379.715002      4255.129944     385.551821      0.050088        11.036467      
221             384.451539      4274.386353     385.546850      0.050088        11.086555      
222             399.620155      4294.402527     385.610145      0.050088        11.136643      
223             414.448793      4315.161438     385.739269      0.050088        11.186731      
224             366.656930      4333.526550     385.654210      0.050088        11.236819      
225             349.080359      4350.996277     385.492044      0.050045        11.286864      
226             386.388644      4370.350098     385.496006      0.050089        11.336953      
227             377.704381      4389.268555     385.461733      0.050088        11.387041      
228             388.121837      4408.708801     385.473382      0.050088        11.437129      
229             380.523192      4427.768066     385.451798      0.050087        11.487216      
230             423.731911      4448.992798     385.617994      0.050090        11.537306      
231             399.623811      4469.009155     385.678536      0.050088        11.587394      
232             353.156521      4486.698059     385.538561      0.050088        11.637482      
233             380.417286      4506.647522     385.515587      0.052441        11.689923      
234             384.098787      4525.881653     385.509543      0.050076        11.739999      
235             388.289454      4545.331848     385.521354      0.050092        11.790091      
236             368.102254      4563.768250     385.447670      0.050085        11.840176      
237             427.268028      4585.168823     385.623836      0.050087        11.890263      
238             380.881456      4604.246033     385.603942      0.050087        11.940350      
239             346.212775      4621.586792     385.439396      0.050087        11.990437      
240             355.975856      4639.416199     385.316834      0.050086        12.040523      
241             381.521212      4658.525452     385.301110      0.050087        12.090610      
242             382.178609      4677.668396     385.288227      0.050089        12.140699      
243             395.382591      4697.471924     385.329701      0.050087        12.190786      
244             394.201381      4717.213135     385.365996      0.050079        12.240865      
245             406.526944      4737.575256     385.452231      0.050088        12.290953      
246             398.505245      4757.534790     385.505207      0.050086        12.341039      
247             384.291411      4776.782410     385.500300      0.050086        12.391125      
248             381.464852      4795.889221     385.484054      0.050088        12.441213      
249             382.182583      4815.031982     385.470815      0.050088        12.491301      
250             382.091825      4834.169434     385.457321      0.050086        12.541387      
251             388.926851      4853.650391     385.471123      0.050089        12.591476      
252             397.582133      4873.564087     385.519108      0.050087        12.641563      
253             360.268028      4891.609192     385.419453      0.050088        12.691651      
254             336.897247      4908.484375     385.228704      0.050090        12.741741      
255             352.234072      4926.127075     385.099510      0.050088        12.791829      
256             384.245436      4945.378540     385.096178      0.050102        12.841931      
257             392.739485      4965.049683     385.125873      0.050087        12.892018      
258             376.207235      4983.899170     385.091345      0.050104        12.942122      
259             403.973135      5004.132568     385.164136      0.050086        12.992208      
260             416.414328      5024.989929     385.284150      0.050088        13.042296      
261             396.147861      5044.831787     385.325711      0.050087        13.092383      
262             391.211382      5064.426392     385.348142      0.050087        13.142470      
263             379.433779      5083.431091     385.325687      0.050087        13.192557      
264             380.179097      5102.475403     385.306219      0.050093        13.242650      
265             386.804164      5121.850037     385.311864      0.050089        13.292739      
266             396.149700      5141.692383     385.352548      0.050088        13.342827      
267             402.636382      5161.864868     385.417204      0.050101        13.392928      
268             366.976192      5180.245972     385.348494      0.050088        13.443016      
269             341.227332      5197.337708     385.184708      0.050089        13.493105      
270             376.870674      5216.214783     385.153959      0.050089        13.543194      
271             377.347343      5235.115356     385.125193      0.050088        13.593282      
272             389.871886      5254.642090     385.142618      0.050085        13.643367      
273             373.541932      5273.351685     385.100186      0.050087        13.693454      
274             418.568912      5294.317383     385.222165      0.050089        13.743543      
275             419.354394      5315.321167     385.346102      0.050086        13.793629      
276             377.559372      5334.232361     385.317929      0.050088        13.843717      
277             375.869425      5353.058533     385.283867      0.050087        13.893804      
278             382.322870      5372.984436     385.272801      0.052118        13.945922      
279             386.076585      5392.317993     385.275677      0.050077        13.995999      
280             381.382899      5411.419556     385.261797      0.050085        14.046084      
281             396.437269      5431.275513     385.301505      0.050086        14.096170      
282             385.805794      5450.600525     385.303290      0.050090        14.146260      
283             334.892798      5467.375305     385.125423      0.050090        14.196350      
284             340.511732      5484.430176     384.968576      0.050086        14.246436      
285             363.767777      5502.650940     384.894297      0.050089        14.296525      
286             390.117836      5522.191162     384.912534      0.050088        14.346613      
287             375.797337      5541.014099     384.880821      0.050088        14.396701      
288             392.187467      5560.657593     384.906153      0.050087        14.446788      
289             414.743845      5581.425476     385.009216      0.050074        14.496862      
290             415.077083      5602.215027     385.112742      0.050086        14.546948      
291             383.825552      5621.439697     385.108325      0.050087        14.597035      
292             383.624661      5640.655457     385.103251      0.050090        14.647125      
293             386.864679      5660.033508     385.109254      0.050090        14.697215      
294             384.383663      5679.286133     385.106790      0.050087        14.747302      
295             382.288277      5698.434570     385.097249      0.050089        14.797391      
296             409.151719      5718.928162     385.178397      0.050088        14.847479      
297             394.734954      5738.699646     385.210528      0.050088        14.897567      
298             352.894796      5756.375793     385.102239      0.050089        14.947656      
299             371.318120      5774.973633     385.056206      0.050086        14.997742      
300             377.344001      5793.883850     385.030522      0.050114        15.047856      
301             388.318908      5813.333191     385.041431      0.050086        15.097942      
302             386.202608      5832.677307     385.045270      0.050088        15.148030      
303             396.370862      5852.530334     385.082595      0.050087        15.198117      
304             412.241983      5873.178711     385.171809      0.050088        15.248205      
305             373.434841      5891.882568     385.133383      0.050086        15.298291      
306             376.389556      5910.735168     385.104848      0.050088        15.348379      
307             375.725632      5929.554138     385.074340      0.050087        15.398466      
308             392.065981      5949.193115     385.097010      0.050091        15.448557      
309             379.109636      5968.181580     385.077661      0.050087        15.498644      
310             395.702489      5988.001526     385.111887      0.050088        15.548732      
311             403.616280      6008.218262     385.171306      0.050089        15.598821      
312             350.918002      6025.781006     385.061758      0.050048        15.648869      
313             359.905990      6043.807617     384.981499      0.050087        15.698956      
314             378.939810      6063.716736     384.961347      0.052539        15.751495      
315             382.700839      6082.903442     384.954175      0.050135        15.801630      
316             378.309104      6101.865051     384.933164      0.050122        15.851752      
317             385.839717      6122.370117     384.936193      0.053144        15.904896      
318             409.538897      6142.898254     385.013486      0.050125        15.955021      
319             421.206759      6164.007874     385.126818      0.050117        16.005138      
320             373.524476      6182.963867     385.090146      0.050749        16.055887      
321             379.419148      6201.981873     385.072497      0.050124        16.106011      
322             388.697125      6221.464539     385.083742      0.050123        16.156134      
323             380.459457      6240.530884     385.069443      0.050114        16.206248      
324             381.917521      6259.674500     385.059724      0.050125        16.256373      
325             401.779966      6279.808899     385.111108      0.050113        16.306486      
326             369.843794      6298.344360     385.064329      0.050117        16.356603      
327             343.402707      6316.301575     384.931561      0.052292        16.408895      
328             358.973524      6334.292969     384.852517      0.050119        16.459014      
329             382.622545      6353.471924     384.845747      0.050125        16.509139      
330             380.243422      6372.529724     384.831817      0.050120        16.559259      
331             387.630841      6391.958557     384.840263      0.050122        16.609381      
332             402.283189      6413.083252     384.895237      0.052512        16.661893      
333             407.455648      6433.500854     384.962883      0.050110        16.712003      
334             403.587178      6454.442993     385.020532      0.051890        16.763893      
335             387.629687      6473.870605     385.028309      0.050119        16.814012      
336             377.505808      6492.795349     385.005947      0.050131        16.864143      
337             385.537884      6512.117737     385.007523      0.050118        16.914261      
338             387.151472      6531.522156     385.013858      0.050121        16.964382      
339             390.169991      6551.619812     385.029466      0.051510        17.015892      
340             394.227733      6571.387573     385.056492      0.050143        17.066035      
341             358.529034      6589.359558     384.978803      0.050127        17.116162      
342             325.152608      6605.851624     384.802041      0.050721        17.166883      
343             353.241484      6623.570923     384.710089      0.050162        17.217045      
344             385.449301      6642.887329     384.712235      0.050114        17.267159      
345             378.470099      6661.852844     384.694172      0.050111        17.317270      
346             386.399686      6681.216492     384.699093      0.050113        17.367383      
347             415.410722      6702.037292     384.787470      0.050121        17.417504      
348             407.573756      6722.462036     384.852841      0.050113        17.467617      
349             403.388184      6743.144958     384.907089      0.051273        17.518890      
350             378.567248      6762.121399     384.889001      0.050127        17.569017      
351             390.141064      6781.675659     384.903941      0.050121        17.619138      
352             389.349061      6801.190613     384.916551      0.050122        17.669260      
353             384.890845      6820.480957     384.916478      0.050119        17.719379      
354             395.337946      6841.242920     384.947274      0.052517        17.771896      
355             399.984706      6861.287354     384.989557      0.050113        17.822009      
356             354.964245      6879.705383     384.902395      0.051887        17.873896      
357             343.657272      6896.932922     384.787041      0.050130        17.924026      
358             383.074377      6916.137207     384.782264      0.050132        17.974158      
359             382.786914      6935.320190     384.776716      0.050114        18.024272      
360             388.747762      6954.827942     384.787741      0.050181        18.074453      
361             388.308509      6975.190063     384.797926      0.052438        18.126891      
362             412.330124      6995.855225     384.873838      0.050118        18.177009      
363             398.305429      7017.315125     384.913533      0.053878        18.230887      
364             385.035969      7036.605042     384.913869      0.050099        18.280986      
365             373.523659      7055.323059     384.882731      0.050112        18.331098      
366             385.531471      7074.646667     384.884500      0.050122        18.381220      
367             393.182225      7094.355713     384.907067      0.050127        18.431347      
368             378.004447      7114.217957     384.887445      0.052545        18.483892      
369             393.788794      7133.954651     384.911516      0.050120        18.534012      
370             370.121153      7152.505493     384.871626      0.050121        18.584133      
371             329.435524      7169.886841     384.714687      0.052761        18.636894      
372             352.099861      7187.534790     384.627208      0.050122        18.687016      
373             385.561707      7206.863770     384.629708      0.050132        18.737148      
374             392.315976      7226.527039     384.650214      0.050121        18.787269      
375             381.976009      7245.672058     384.643099      0.050121        18.837390      
376             405.135084      7265.975403     384.697471      0.050115        18.887505      
377             412.695182      7286.658447     384.771565      0.050117        18.937622      
378             377.712624      7306.772400     384.751771      0.053252        18.990874      
379             406.821470      7327.159851     384.809856      0.050114        19.040988      
380             389.714380      7346.693115     384.822732      0.050122        19.091110      
381             382.752277      7365.877808     384.817311      0.050123        19.141233      
382             391.844510      7385.516663     384.835663      0.050119        19.191352      
383             390.468500      7405.252502     384.850459      0.050544        19.241896      
384             398.627798      7425.236511     384.886260      0.050132        19.292028      
385             352.959422      7444.249023     384.797364      0.053866        19.345894      
386             339.321391      7461.265991     384.679783      0.050150        19.396044      
387             366.184152      7479.623169     384.632102      0.050131        19.446175      
388             390.093783      7499.173889     384.646142      0.050118        19.496293      
389             389.332141      7518.689941     384.658159      0.050127        19.546420      
390             358.151242      7537.835632     384.585864      0.053457        19.599877      
391             440.211544      7559.899475     384.727748      0.050121        19.649998      
392             410.645194      7580.483887     384.793695      0.050127        19.700125      
393             362.089534      7599.943665     384.731925      0.053743        19.753868      
394             412.566860      7620.614502     384.802346      0.050103        19.803971      
395             383.678256      7639.846375     384.799508      0.050125        19.854096      
396             382.474151      7659.014832     384.793653      0.050117        19.904213      
397             379.455573      7678.625854     384.779828      0.051682        19.955895      
398             404.156119      7698.887817     384.828384      0.050134        20.006029      
399             369.566002      7717.416748     384.790231      0.050137        20.056166      
400             325.148124      7734.562134     384.633833      0.052731        20.108897      
401             351.611340      7752.191223     384.551702      0.050138        20.159035      
402             377.826014      7771.132019     384.535018      0.050131        20.209166      
403             387.165322      7790.535583     384.541525      0.050117        20.259283      
404             385.354446      7809.849548     384.543531      0.050120        20.309403      
405             411.571070      7830.474609     384.610057      0.050113        20.359516      
406             406.032358      7850.824951     384.662664      0.050120        20.409636      
407             399.512610      7871.700684     384.700586      0.052253        20.461889      
408             389.588848      7891.244019     384.712540      0.050164        20.512053      
409             378.688760      7910.226929     384.697855      0.050128        20.562181      
410             387.085329      7929.627258     384.703660      0.050119        20.612300      
411             390.596266      7949.207458     384.717956      0.050129        20.662429      
412             389.379138      7968.855530     384.729312      0.050460        20.712889      
413             410.526001      7989.440125     384.791610      0.050142        20.763031      
414             354.147812      8008.516296     384.712317      0.053865        20.816896      
415             343.649754      8025.738647     384.613698      0.050116        20.867012      
416             356.497562      8043.612366     384.546305      0.050137        20.917149      
417             389.592607      8063.139526     384.558368      0.050122        20.967271      
418             389.734980      8082.676941     384.570716      0.050130        21.017401      
419             389.370705      8102.726807     384.582447      0.051493        21.068894      
420             417.916561      8123.680725     384.661586      0.050139        21.119033      
421             414.190445      8144.438293     384.731493      0.050116        21.169149      
422             379.103412      8164.051208     384.717772      0.051735        21.220884      
423             382.231082      8183.202515     384.711914      0.050104        21.270988      
424             383.098000      8202.412964     384.708119      0.050145        21.321133      
425             383.186595      8221.617126     384.704551      0.050117        21.371250      
426             373.808418      8240.383057     384.679015      0.050202        21.421452      
427             405.797393      8260.722839     384.728314      0.050123        21.471575      
428             376.287817      8279.612488     384.708626      0.050200        21.521775      
429             329.524655      8297.445374     384.570213      0.054117        21.575892      
430             350.794440      8315.026489     384.491938      0.050118        21.626010      
431             369.116098      8333.529541     384.456380      0.050128        21.676138      
432             387.528977      8352.952881     384.463468      0.050121        21.726259      
433             385.294699      8372.262695     384.465381      0.050117        21.776376      
434             404.452868      8393.904968     384.514375      0.053510        21.829886      
435             407.429643      8414.322083     384.566858      0.050112        21.879998      
436             407.431103      8436.278137     384.623033      0.053889        21.933887      
437             384.807349      8455.561218     384.623453      0.050111        21.983998      
438             382.528942      8474.738159     384.618687      0.050132        22.034130      
439             386.694805      8494.120850     384.623400      0.050124        22.084254      
440             385.405279      8513.438904     384.625170      0.050124        22.134378      
441             399.285950      8534.808289     384.660533      0.053519        22.187897      
442             396.516605      8554.680115     384.687252      0.050116        22.238013      
443             364.403987      8573.586487     384.640040      0.051883        22.289896      
444             353.088659      8591.283997     384.569251      0.050122        22.340018      
445             373.578110      8610.011841     384.544642      0.050131        22.390149      
446             377.938349      8628.951843     384.529889      0.050114        22.440263      
447             396.807061      8648.840210     384.557249      0.050121        22.490384      
448             385.092249      8668.676697     384.558472      0.051511        22.541895      
449             411.610225      8689.313599     384.618506      0.050137        22.592032      
450             404.838610      8709.604919     384.663267      0.050122        22.642154      
451             370.837216      8729.160278     384.631141      0.052733        22.694887      
452             381.840585      8748.295837     384.624992      0.050114        22.745001      
453             389.241441      8767.805786     384.635143      0.050123        22.795124      
454             385.843125      8787.142700     384.637793      0.050116        22.845240      
455             354.484678      8804.936768     384.571684      0.050197        22.895437      
456             429.044720      8826.440918     384.668829      0.050121        22.945558      
457             371.598971      8845.067688     384.640339      0.050126        22.995684      
458             306.631500      8861.459595     384.459413      0.053458        23.049142      
459             373.977700      8880.236267     384.436630      0.050208        23.099350      
460             373.105735      8898.937073     384.412097      0.050122        23.149472      
461             383.174686      8918.144470     384.409423      0.050127        23.199599      
462             386.025775      8937.489380     384.412907      0.050113        23.249712      
463             404.446956      8958.593018     384.457769      0.052179        23.301891      
464             410.539697      8979.169678     384.513749      0.050121        23.352012      
465             405.353231      8999.794861     384.559058      0.050882        23.402894      
466             386.426512      9019.164490     384.563049      0.050125        23.453019      
467             385.902211      9038.510925     384.565905      0.050133        23.503152      
468             384.053444      9057.762756     384.564815      0.050128        23.553280      
469             384.212668      9077.020264     384.564067      0.050122        23.603402      
470             393.749248      9097.690918     384.584450      0.052497        23.655899      
471             407.490624      9118.136353     384.632932      0.050174        23.706073      
472             362.170895      9137.264771     384.582998      0.052816        23.758889      
473             344.875305      9154.547852     384.499420      0.050114        23.809003      
474             362.157760      9172.697388     384.452493      0.050115        23.859118      
475             387.511446      9192.121399     384.458906      0.050125        23.909243      
476             388.698792      9211.603760     384.467775      0.050122        23.959365      
477             357.384901      9230.727783     384.407423      0.053511        24.012876      
478             444.371784      9253.002808     384.532338      0.050127        24.063003      
479             413.637529      9273.732666     384.592830      0.050116        24.113119      
480             376.162950      9293.584290     384.574420      0.052774        24.165893      
481             379.940712      9312.629578     384.564828      0.050127        24.216020      
482             387.732419      9332.068542     384.571373      0.050135        24.266155      
483             378.505176      9351.036194     384.558871      0.050112        24.316267      
484             385.949620      9370.382690     384.561732      0.050127        24.366394      
485             395.672616      9390.212219     384.584538      0.050116        24.416510      
486             375.173410      9409.019287     384.565256      0.050129        24.466639      
487             338.832591      9426.727356     384.467777      0.052262        24.518901      
488             341.604759      9443.853027     384.380315      0.050133        24.569034      
489             381.881830      9462.998291     384.375227      0.050134        24.619168      
490             386.317281      9482.358582     384.379172      0.050115        24.669283      
491             383.822127      9501.596130     384.378043      0.050121        24.719404      
492             399.757622      9522.977966     384.411249      0.053487        24.772891      
493             411.800631      9543.612061     384.466536      0.050107        24.822998      
494             405.325176      9565.454224     384.511720      0.053888        24.876886      
495             387.684330      9584.880310     384.518098      0.050108        24.926994      
496             383.839123      9604.124084     384.516735      0.050135        24.977129      
497             391.703352      9623.753906     384.531125      0.050114        25.027243      
498             375.159367      9642.556519     384.512395      0.050119        25.077362      
499             369.433039      9662.325989     384.480285      0.053513        25.130875      
500             432.315613      9683.994080     384.575498      0.050121        25.180996      
501             361.252432      9702.101135     384.529166      0.050123        25.231119      
502             337.200961      9720.230408     384.428530      0.053764        25.284883      
503             369.519750      9738.743347     384.399048      0.050100        25.334983      
504             384.442234      9758.018127     384.399133      0.050137        25.385120      
505             388.418605      9777.483337     384.407053      0.050114        25.435234      
506             382.934232      9797.647888     384.404010      0.052658        25.487892      
507             413.716949      9818.389587     384.461556      0.050135        25.538027      
508             412.139527      9839.046021     384.515769      0.050120        25.588147      
509             380.654651      9858.742615     384.507977      0.051744        25.639891      
510             390.575356      9878.334656     384.519824      0.050162        25.690053      
511             374.434186      9897.105042     384.500182      0.050130        25.740183      
512             391.214905      9916.712341     384.513231      0.050119        25.790302      
513             379.947074      9935.757568     384.504373      0.050126        25.840428      
514             397.712914      9955.706848     384.529963      0.050160        25.890588      
515             380.150209      9974.759216     384.521501      0.050118        25.940706      
516             339.219740      9991.782959     384.434030      0.050185        25.990891      
517             332.560885      10008.455566    384.334164      0.050134        26.041025      
518             374.616955      10027.253845    384.315475      0.050180        26.091205      
519             384.622560      10046.531128    384.316064      0.050120        26.141325      
520             390.285016      10066.093384    384.327487      0.050123        26.191448      
521             387.748629      10085.652588    384.334063      0.050443        26.241891      
522             424.433038      10106.934509    384.410536      0.050142        26.292033      
523             409.030815      10128.553833    384.459931      0.052855        26.344888      
524             384.398335      10147.814880    384.459814      0.050107        26.394995      
525             392.803705      10167.505737    384.475631      0.050129        26.445124      
526             383.511254      10186.728088    384.473807      0.050122        26.495246      
527             386.917860      10206.132019    384.478424      0.050150        26.545396      
528             383.466702      10225.880554    384.476465      0.051500        26.596896      
529             401.387102      10246.006104    384.508285      0.050140        26.647036      
530             375.643112      10264.834839    384.491640      0.050124        26.697160      
531             324.973438      10281.973938    384.374294      0.052740        26.749900      
532             355.833086      10299.814697    384.320899      0.050138        26.800038      
533             378.107651      10318.778687    384.309293      0.050155        26.850193      
534             388.227630      10338.236267    384.316593      0.050119        26.900312      
535             386.770712      10357.622375    384.321158      0.050123        26.950435      
536             400.069696      10377.672668    384.350389      0.050117        27.000552      
537             414.666710      10398.458252    384.406567      0.050126        27.050678      
538             406.842195      10419.697449    384.449782      0.052205        27.102883      
539             385.305579      10439.012817    384.451362      0.050130        27.153013      
540             385.641455      10458.341553    384.453554      0.050121        27.203134      
541             389.153921      10477.845947    384.462198      0.050120        27.253254      
542             373.390971      10496.560303    384.441875      0.050120        27.303374      
543             401.000846      10517.221069    384.473064      0.051523        27.354897      
544             381.715659      10536.357239    384.468020      0.050132        27.405029      
545             348.080721      10554.064453    384.400601      0.050871        27.455900      
546             333.578810      10570.784424    384.307990      0.050123        27.506023      
547             363.312736      10588.994385    384.269802      0.050122        27.556145      
548             381.887079      10608.136475    384.265476      0.050125        27.606270      
549             392.978585      10627.833740    384.281267      0.050123        27.656393      
550             386.310700      10648.116211    384.285112      0.052503        27.708896      
551             417.554631      10669.051147    384.345202      0.050137        27.759033      
552             417.328688      10689.968079    384.404649      0.050121        27.809154      
553             383.842544      10710.206177    384.403585      0.052725        27.861879      
554             386.678619      10729.580322    384.407669      0.050104        27.911983      
555             390.770644      10749.166138    384.419074      0.050121        27.962104      
556             384.488995      10768.451721    384.419200      0.050159        28.012263      
557             373.315121      10787.182434    384.399346      0.050174        28.062437      
558             416.028124      10808.034180    384.455736      0.050121        28.112558      
559             364.454898      10826.300659    384.420141      0.050120        28.162678      
560             318.178120      10843.227417    384.295247      0.053199        28.215877      
561             367.302112      10861.635864    384.265117      0.050118        28.265995      
562             366.612797      10880.010864    384.233871      0.050121        28.316116      
563             392.246062      10899.673767    384.248030      0.050129        28.366245      
564             389.887697      10919.213379    384.257977      0.050116        28.416361      
565             393.901587      10939.905029    384.275771      0.052530        28.468891      
566             422.214727      10961.068542    384.342452      0.050125        28.519016      
567             396.837033      10982.049316    384.365572      0.052870        28.571886      
568             392.764213      11001.738586    384.380282      0.050130        28.622016      
569             386.459902      11021.131531    384.383922      0.050181        28.672197      
570             381.867035      11040.270325    384.379530      0.050119        28.722316      
571             391.063131      11059.871582    384.391173      0.050123        28.772439      
572             390.698543      11079.974976    384.402433      0.051455        28.823894      
573             396.396770      11099.848328    384.423259      0.050135        28.874029      
574             355.364457      11117.693665    384.372808      0.050217        28.924246      
575             305.114319      11134.055420    384.226137      0.053625        28.977871      
576             384.405643      11153.316833    384.226446      0.050107        29.027978      
577             384.975535      11172.619507    384.227738      0.050140        29.078118      
578             378.457422      11191.588928    384.217809      0.050123        29.128241      
579             353.850049      11210.567322    384.161995      0.053634        29.181875      
580             457.040570      11233.482422    384.286995      0.050138        29.232013      
581             413.391570      11254.203674    384.336816      0.050125        29.282138      
582             394.062052      11275.387268    384.354637      0.053757        29.335895      
583             382.714857      11294.569702    384.351840      0.050122        29.386017      
584             386.117253      11313.924988    384.354846      0.050128        29.436145      
585             384.168829      11333.180298    384.354530      0.050122        29.486267      
586             385.270039      11352.490417    384.356084      0.050121        29.536388      
587             400.919925      11372.582520    384.384140      0.050115        29.586503      
588             383.824211      11391.820557    384.383193      0.050122        29.636625      
589             336.666008      11409.756775    384.297569      0.053276        29.689901      
590             336.878863      11426.649902    384.217614      0.050146        29.740047      
591             371.022742      11445.248901    384.195411      0.050129        29.790176      
592             384.274772      11464.509521    384.195544      0.050122        29.840298      
593             392.542479      11484.184143    384.209540      0.050121        29.890419      
594             399.784693      11505.166443    384.236840      0.052484        29.942903      
595             411.860082      11525.814636    384.283013      0.050134        29.993037      
596             402.932956      11547.112061    384.315822      0.052856        30.045893      
597             386.215857      11566.471130    384.318986      0.050125        30.096018      
598             393.132734      11586.180054    384.333644      0.050133        30.146151      
599             383.368633      11605.409058    384.332041      0.050158        30.196309      
600             385.691434      11624.741455    384.334293      0.050124        30.246433      
601             368.472218      11644.433716    384.306316      0.053443        30.299876      
602             425.812966      11665.778442    384.374869      0.050127        30.350003      
603             360.748846      11683.862061    384.335912      0.050128        30.400131      
604             299.115650      11699.937134    384.185523      0.053742        30.453873      
605             382.263779      11719.087402    384.182367      0.050097        30.503970      
606             383.782273      11738.325256    384.181711      0.050127        30.554097      
607             385.719002      11757.658264    384.184228      0.050122        30.604219      
608             376.540764      11777.114502    384.171345      0.051671        30.655890      
609             427.316722      11798.532471    384.241772      0.050122        30.706012      
610             420.844733      11819.626892    384.301425      0.050124        30.756136      
611             365.771419      11839.284180    384.269103      0.053742        30.809878      
612             412.148667      11859.940247    384.314381      0.050118        30.859996      
613             388.665787      11879.422119    384.321437      0.050125        30.910121      
614             384.303997      11898.684204    384.321409      0.050122        30.960243      
615             384.383978      11917.946838    384.321510      0.050113        31.010356      
616             392.854408      11937.975342    384.335515      0.050982        31.061338      
617             375.533335      11956.798950    384.321334      0.050125        31.111463      
618             340.981217      11973.996338    384.251188      0.050435        31.161898      
619             341.990947      11991.140686    384.183312      0.050131        31.212029      
620             370.011715      12009.697144    384.160578      0.050151        31.262180      
621             387.113622      12029.103149    384.165306      0.050130        31.312310      
622             388.953608      12048.599060    384.172959      0.050124        31.362434      
623             393.407353      12069.236816    384.188379      0.052459        31.414893      
624             419.479289      12090.268250    384.244612      0.050137        31.465030      
625             407.267485      12111.387512    384.282493      0.051856        31.516886      
626             389.943651      12130.927979    384.291479      0.050111        31.566997      
627             381.078757      12150.024597    384.286387      0.050112        31.617109      
628             388.705778      12169.506531    384.293382      0.050120        31.667229      
629             388.752690      12188.992371    384.300429      0.050124        31.717353      
630             381.084641      12209.015320    384.295111      0.052542        31.769895      
631             396.875791      12228.917053    384.314937      0.050146        31.820041      
632             371.734349      12247.549866    384.295151      0.050124        31.870165      
633             305.810996      12263.975586    384.163101      0.053712        31.923877      
634             373.521711      12282.695374    384.146421      0.050117        31.973994      
635             385.491989      12302.022400    384.148528      0.050136        32.024130      
636             385.070813      12321.318298    384.149969      0.050110        32.074240      
637             390.539806      12340.903870    384.159944      0.050150        32.124390      
638             406.594918      12361.278748    384.194886      0.050111        32.174501      
639             419.763453      12382.315613    384.250203      0.050116        32.224617      
640             396.860065      12402.662231    384.270233      0.051269        32.275886      
641             386.721555      12422.050903    384.274035      0.050136        32.326022      
642             382.035092      12441.218750    384.270565      0.050173        32.376195      
643             390.794018      12460.806519    384.280649      0.050123        32.426318      
644             377.874086      12479.744812    384.270762      0.050118        32.476436      
645             389.356226      12500.171997    384.278964      0.052464        32.528900      
646             390.564873      12519.757263    384.288639      0.050146        32.579046      
647             343.623068      12537.574463    384.224021      0.051851        32.630897      
648             340.105532      12554.627014    384.156335      0.050139        32.681036      
649             355.763906      12572.464661    384.112842      0.050139        32.731175      
650             387.837222      12591.901123    384.118536      0.050115        32.781290      
651             385.512050      12611.224915    384.120664      0.050125        32.831415      
652             399.223188      12632.176147    384.144766      0.052480        32.883895      
653             413.717218      12652.918274    384.189785      0.050136        32.934031      
654             413.647682      12673.651123    384.234548      0.050122        32.984153      
655             386.288977      12694.018982    384.237827      0.052727        33.036880      
656             388.753929      12713.497498    384.244666      0.050105        33.086985      
657             384.918854      12732.789246    384.245686      0.050119        33.137104      
658             386.917685      12752.180786    384.249721      0.050118        33.187222      
659             369.843708      12770.753967    384.227954      0.050219        33.237441      
660             416.803034      12791.645386    384.277005      0.050123        33.287564      
661             377.775865      12810.584045    384.267228      0.050132        33.337696      
662             334.384403      12828.039246    384.189243      0.052201        33.389897      
663             342.708629      12845.222656    384.127047      0.050140        33.440037      
664             373.759356      12863.956970    384.111530      0.050124        33.490161      
665             386.558019      12883.332031    384.115186      0.050122        33.540283      
666             390.140538      12902.884705    384.124175      0.050117        33.590400      
667             377.662165      12923.074524    384.113907      0.053460        33.643860      
668             445.734632      12945.451294    384.205718      0.050202        33.694062      
669             395.049681      12965.924744    384.222372      0.051825        33.745887      
670             395.949198      12985.771301    384.239764      0.050124        33.796011      
671             376.007485      13004.622437    384.227570      0.050135        33.846146      
672             386.208908      13023.978455    384.230500      0.050118        33.896264      
673             384.929262      13043.273804    384.231532      0.050127        33.946391      
674             371.490397      13062.394043    384.212243      0.051469        33.997860      
675             413.820256      13083.166992    384.255895      0.050198        34.048058      
676             359.726774      13101.197937    384.219837      0.050124        34.098182      
677             331.540550      13119.002991    384.136999      0.053704        34.151886      
678             349.669644      13136.521790    384.086509      0.050101        34.201987      
679             384.519536      13155.794678    384.087143      0.050122        34.252109      
680             396.045232      13175.641296    384.104612      0.050112        34.302221      
681             377.377504      13195.140015    384.094495      0.051669        34.353890      
682             424.308000      13216.409302    384.153086      0.050127        34.404017      
683             411.230484      13237.020996    384.192477      0.050122        34.454139      
684             390.991352      13258.035217    384.203066      0.053746        34.507885      
685             394.608275      13277.812195    384.218156      0.050118        34.558003      
686             383.278379      13297.025940    384.216795      0.050130        34.608133      
687             387.171301      13316.433289    384.221068      0.050126        34.658259      
688             378.275970      13335.391724    384.212483      0.050118        34.708377      
689             401.745054      13355.613159    384.237872      0.050334        34.758711      
690             378.866201      13374.598145    384.230139      0.050110        34.808821      
691             333.282410      13391.616211    384.155512      0.051062        34.859883      
692             339.124028      13408.651428    384.090715      0.050233        34.910116      
693             375.195468      13427.461853    384.077959      0.050135        34.960251      
694             387.103212      13446.862305    384.082290      0.050117        35.010368      
695             386.864475      13466.253113    384.086267      0.050123        35.060491      
696             400.151064      13487.222229    384.110242      0.052403        35.112894      
697             412.388451      13507.896912    384.150560      0.050134        35.163028      
698             405.848481      13528.944214    384.182514      0.051860        35.214888      
699             396.649970      13548.824707    384.200234      0.050121        35.265009      
700             386.102191      13568.177307    384.202933      0.050123        35.315132      
701             383.547606      13587.400330    384.202005      0.050119        35.365251      
702             379.991066      13606.445862    384.196045      0.050121        35.415372      
703             384.354571      13626.248962    384.196275      0.051523        35.466895      
704             399.447060      13646.274841    384.217803      0.050134        35.517029      
705             367.057261      13664.672485    384.193620      0.050122        35.567151      
706             327.891767      13682.294373    384.108674      0.053743        35.620894      
707             356.399085      13700.156738    384.069741      0.050119        35.671013      
708             376.859521      13719.048706    384.059623      0.050130        35.721143      
709             391.367130      13738.663635    384.069861      0.050119        35.771262      
710             384.655922      13757.943359    384.070681      0.050122        35.821384      
711             408.474383      13778.416504    384.104779      0.050121        35.871505      
712             412.361460      13799.084473    384.144205      0.050121        35.921626      
713             402.568699      13820.526489    384.171484      0.053263        35.974889      
714             388.224515      13839.982361    384.177122      0.050115        36.025004      
715             382.545267      13859.156677    384.174855      0.050123        36.075127      
716             386.554772      13878.533508    384.178157      0.050127        36.125254      
717             384.433186      13897.799377    384.178510      0.050115        36.175369      
718             391.072459      13917.557922    384.188125      0.050524        36.225893      
719             388.177750      13937.017273    384.193639      0.050130        36.276023      
720             348.771002      13955.458191    384.142084      0.052874        36.328897      
721             329.452013      13971.972961    384.066724      0.050128        36.379025      
722             360.619671      13990.049744    384.034461      0.050127        36.429152      
723             391.989618      14009.696655    384.045391      0.050121        36.479273      
724             386.257675      14029.058594    384.048427      0.050127        36.529400      
725             387.956316      14049.812317    384.054141      0.053495        36.582895      
726             420.423142      14070.884766    384.103902      0.050122        36.633017      
727             411.172683      14091.510010    384.140917      0.050162        36.683179      
728             388.431833      14111.592712    384.146956      0.051702        36.734881      
729             391.967016      14131.230652    384.157607      0.050101        36.784982      
730             381.826536      14150.367798    384.154435      0.050120        36.835102      
731             395.327900      14170.179260    384.169616      0.050114        36.885216      
732             355.060833      14188.013611    384.130030      0.050229        36.935445      
733             170.920775      14196.606995    383.840202      0.050277        36.985722      
