1               253.843521      13.614136       253.843521      0.053632        0.053632       
2               429.255071      35.132263       338.588325      0.050129        0.103761       
3               408.856008      55.619629       361.471560      0.050109        0.153870       
4               361.823179      73.748779       361.557933      0.050105        0.203975       
5               384.070220      92.989929       365.996895      0.050098        0.254073       
6               380.545773      112.051086      368.392786      0.050089        0.304162       
7               382.631433      131.214417      370.405839      0.050083        0.354245       
8               383.151472      150.404175      371.984633      0.050084        0.404329       
9               365.929535      168.738342      371.317034      0.050103        0.454432       
10              391.440557      188.342468      373.314652      0.050082        0.504514       
11              406.896979      208.721497      376.347366      0.050084        0.554598       
12              388.230150      228.164062      377.331509      0.050080        0.604678       
13              384.738792      247.431396      377.898055      0.050079        0.654757       
14              389.979535      266.961182      378.756451      0.050079        0.704836       
15              382.240939      286.102661      378.987593      0.050077        0.754913       
16              385.400589      305.403137      379.386549      0.050079        0.804992       
17              382.062990      324.535706      379.543295      0.050077        0.855069       
18              412.099430      345.173645      381.344558      0.050080        0.905149       
19              403.244970      365.366943      382.492670      0.050077        0.955226       
20              384.712459      384.633728      382.603253      0.050081        1.005307       
21              383.756458      403.851868      382.657973      0.050079        1.055386       
22              384.868355      423.125305      382.758104      0.050078        1.105464       
23              381.375572      442.223450      382.698190      0.050077        1.155541       
24              382.995727      461.402344      382.710549      0.050076        1.205617       
25              411.751776      482.022461      383.868756      0.050079        1.255696       
26              397.220312      501.914062      384.380794      0.050077        1.305773       
27              392.683841      521.578491      384.687459      0.050077        1.355850       
28              378.206385      540.518311      384.456608      0.050078        1.405928       
29              386.241945      559.860535      384.518013      0.050078        1.456006       
30              385.864509      579.183472      384.562784      0.050077        1.506083       
31              379.249419      598.175903      384.391794      0.050079        1.556162       
32              417.071333      619.061584      385.410630      0.050077        1.606239       
33              407.438523      639.465698      386.076646      0.050079        1.656318       
34              386.952921      658.843140      386.102362      0.050077        1.706395       
35              382.356727      677.990417      385.995574      0.050077        1.756472       
36              386.827777      697.362366      386.018643      0.050079        1.806551       
37              378.457955      716.310242      385.814760      0.050066        1.856617       
38              367.838168      734.729370      385.342654      0.050074        1.906691       
39              427.786034      756.151611      386.428852      0.050077        1.956768       
40              407.564882      776.561646      386.956271      0.050078        2.006846       
41              388.252968      796.004578      386.987841      0.050078        2.056924       
42              383.586523      815.213440      386.907002      0.050077        2.107001       
43              384.887856      834.487854      386.860126      0.050078        2.157079       
44              382.686984      853.671570      386.765348      0.050129        2.207208       
45              384.199233      872.911499      386.708418      0.050078        2.257286       
46              401.819247      893.034607      387.036390      0.050080        2.307366       
47              407.473867      913.440491      387.470542      0.050079        2.357445       
48              395.869853      933.264465      387.645249      0.050077        2.407522       
49              384.393515      952.514893      387.578987      0.050080        2.457602       
50              386.976078      971.893494      387.566947      0.050077        2.507679       
51              384.964185      991.180969      387.515964      0.050102        2.557781       
52              384.387811      1010.434570     387.455882      0.050089        2.607870       
53              393.116171      1030.125366     387.562549      0.050089        2.657959       
54              404.690259      1050.396301     387.879356      0.050090        2.708049       
55              394.948202      1070.178467     388.007727      0.050088        2.758137       
56              396.596305      1090.043579     388.160917      0.050089        2.808226       
57              378.722846      1109.013428     387.995525      0.050089        2.858315       
58              384.589236      1128.276733     387.936862      0.050088        2.908403       
59              384.689158      1147.545044     387.881878      0.050088        2.958491       
60              396.044309      1167.382507     388.017772      0.050089        3.008580       
61              407.640877      1187.806946     388.339216      0.050104        3.058684       
62              400.200729      1207.852600     388.530330      0.050089        3.108773       
63              388.173455      1227.295044     388.524672      0.050087        3.158860       
64              384.642967      1246.562195     388.464079      0.050091        3.208951       
65              385.697346      1265.881775     388.421556      0.050090        3.259041       
66              382.234083      1285.026733     388.327902      0.050087        3.309128       
67              386.340318      1304.378906     388.298264      0.050091        3.359219       
68              408.787994      1324.856323     388.599320      0.050093        3.409312       
69              395.546608      1344.670044     388.699916      0.050092        3.459404       
70              388.306617      1364.119934     388.694303      0.050089        3.509493       
71              381.616534      1383.238159     388.594689      0.050098        3.559591       
72              376.822728      1402.113586     388.431332      0.050091        3.609682       
73              389.147406      1421.605591     388.441132      0.050089        3.659771       
74              383.357808      1440.807983     388.372498      0.050090        3.709861       
75              389.665096      1460.327087     388.389719      0.050092        3.759953       
76              361.532892      1478.435547     388.036650      0.050088        3.810041       
77              358.304772      1496.381958     387.650865      0.050087        3.860128       
78              374.463740      1515.139221     387.481934      0.050091        3.910219       
79              385.403302      1534.444458     387.455643      0.050091        3.960310       
80              388.973465      1553.928528     387.474601      0.050091        4.010401       
81              363.004782      1572.109985     387.172767      0.050086        4.060487       
82              422.890618      1593.290039     387.607960      0.050084        4.110571       
83              407.516142      1613.683777     387.847416      0.050044        4.160615       
84              388.865924      1633.161682     387.859532      0.050089        4.210704       
85              386.886197      1654.043091     387.847213      0.053973        4.264677       
86              381.971578      1673.171082     387.779021      0.050077        4.314754       
87              377.746838      1692.099976     387.663848      0.050110        4.364864       
88              385.278102      1711.397400     387.636782      0.050087        4.414951       
89              399.485559      1731.406433     387.769697      0.050087        4.465038       
90              374.212891      1750.150757     387.619300      0.050090        4.515128       
91              345.019461      1767.433472     387.151873      0.050092        4.565220       
92              366.966429      1785.814453     386.932804      0.050089        4.615309       
93              391.426064      1805.420593     386.981045      0.050089        4.665398       
94              377.458232      1824.326721     386.879893      0.050088        4.715486       
95              388.640172      1843.792542     386.898394      0.050087        4.765573       
96              392.585433      1863.439087     386.957494      0.050044        4.815617       
97              403.274350      1883.639099     387.125468      0.050090        4.865707       
98              396.311168      1903.489929     387.219065      0.050089        4.915796       
99              385.172086      1922.782043     387.198418      0.050087        4.965883       
100             392.907802      1942.462402     387.255432      0.050089        5.015972       
101             383.174829      1961.654480     387.215088      0.050087        5.066059       
102             377.732408      1980.574341     387.122251      0.050088        5.116147       
103             391.176043      2000.167175     387.161552      0.050087        5.166234       
104             383.701078      2019.387146     387.128322      0.050091        5.216325       
105             351.629031      2037.000244     386.790681      0.050090        5.266415       
106             357.568748      2054.909790     386.515380      0.050087        5.316502       
107             382.892004      2074.089233     386.481560      0.050091        5.366593       
108             391.395814      2093.694641     386.527005      0.050091        5.416684       
109             384.647245      2112.960083     386.509782      0.050086        5.466770       
110             371.740535      2131.580566     386.375686      0.050090        5.516860       
111             413.502247      2152.292480     386.619759      0.050089        5.566949       
112             392.367991      2171.945801     386.671018      0.050089        5.617038       
113             398.018969      2191.881775     386.771315      0.050088        5.667126       
114             386.904084      2211.261414     386.772478      0.050089        5.717215       
115             383.386519      2230.464478     386.743072      0.050088        5.767303       
116             386.407738      2249.819641     386.740184      0.050090        5.817393       
117             384.696838      2269.087952     386.722742      0.050087        5.867480       
118             401.988822      2289.223572     386.851963      0.050090        5.917570       
119             366.398745      2307.561096     386.680430      0.050048        5.967618       
120             337.026992      2324.443115     386.267118      0.050091        6.017709       
121             374.771482      2343.214294     386.172227      0.050087        6.067796       
122             382.544495      2362.375183     386.142526      0.050088        6.117884       
123             391.361770      2381.976929     386.184908      0.050086        6.167970       
124             379.378680      2400.979248     386.130082      0.050088        6.218058       
125             397.693652      2420.898132     386.222482      0.050086        6.268144       
126             409.524087      2441.411194     386.407213      0.050090        6.318234       
127             396.663932      2461.279297     386.487884      0.050088        6.368322       
128             390.674717      2480.847412     386.520558      0.050088        6.418410       
129             375.692352      2499.665466     386.436709      0.050089        6.468499       
130             393.038440      2519.360229     386.487457      0.050109        6.518608       
131             383.696204      2538.579956     386.466172      0.050091        6.568699       
132             392.180337      2558.223877     386.509415      0.050089        6.618788       
133             376.337568      2577.075378     386.433011      0.050092        6.668880       
134             346.636014      2594.437683     386.136336      0.050088        6.718968       
135             370.124791      2612.977234     386.017853      0.050090        6.769058       
136             374.811351      2631.751160     385.935537      0.050089        6.819147       
137             389.398424      2651.255737     385.960788      0.050089        6.869236       
138             383.284160      2670.453674     385.941412      0.050088        6.919324       
139             389.743548      2689.976318     385.968739      0.050091        6.969415       
140             404.207269      2710.222656     386.098883      0.050089        7.019504       
141             404.196302      2730.468445     386.227106      0.050089        7.069593       
142             386.801302      2749.844482     386.231146      0.050093        7.119686       
143             383.586887      2769.058350     386.212672      0.050090        7.169776       
144             386.657532      2788.426025     386.215759      0.050090        7.219866       
145             387.338726      2807.826660     386.223496      0.050087        7.269953       
146             380.351090      2826.877686     386.183313      0.050088        7.320041       
147             391.601026      2846.492981     386.220134      0.050090        7.370131       
148             353.947365      2864.221497     386.002286      0.050088        7.420219       
149             355.278031      2882.016663     385.796282      0.050088        7.470307       
150             385.330957      2901.317505     385.793182      0.050089        7.520396       
151             378.752341      2920.288452     385.746599      0.050088        7.570484       
152             388.182765      2939.731750     385.762611      0.050088        7.620572       
153             372.374108      2959.505188     385.669964      0.053101        7.673673       
154             414.893770      2980.280579     385.859425      0.050074        7.723747       
155             410.454145      3000.840637     386.017902      0.050091        7.773838       
156             388.053598      3020.277466     386.030935      0.050088        7.823926       
157             381.442920      3039.384705     386.001747      0.050092        7.874018       
158             385.406122      3058.689697     385.997982      0.050090        7.924108       
159             385.657524      3078.006897     385.995843      0.050089        7.974197       
160             379.137148      3096.997498     385.953030      0.050089        8.024286       
161             399.012185      3116.982422     386.034037      0.050086        8.074372       
162             369.241190      3135.478821     385.930498      0.050093        8.124465       
163             351.665933      3153.092712     385.720552      0.050087        8.174552       
164             367.681253      3171.499939     385.610748      0.050063        8.224615       
165             387.848526      3190.925720     385.624293      0.050086        8.274701       
166             384.797239      3210.199829     385.619316      0.050089        8.324790       
167             378.966807      3229.181519     385.579529      0.050088        8.374878       
168             393.632830      3248.898193     385.627409      0.050089        8.424967       
169             407.262134      3269.297546     385.755274      0.050089        8.475056       
170             401.144571      3289.390076     385.845691      0.050088        8.525144       
171             389.201480      3308.884399     385.865292      0.050088        8.575232       
172             380.128843      3327.934937     385.831961      0.050116        8.625348       
173             387.557585      3347.348083     385.841925      0.050091        8.675439       
174             384.706587      3366.616882     385.835408      0.050087        8.725526       
175             383.065029      3385.804993     385.819595      0.050091        8.775617       
176             390.520456      3405.366943     385.846275      0.050092        8.825709       
177             343.308131      3422.562561     385.606223      0.050088        8.875797       
178             362.524725      3440.720337     385.476703      0.050087        8.925884       
179             381.569955      3459.832031     385.454903      0.050087        8.975971       
180             379.849718      3478.858704     385.423797      0.050090        9.026061       
181             390.195084      3498.402405     385.450128      0.050087        9.076148       
182             376.470995      3517.259460     385.400846      0.050089        9.126237       
183             413.517418      3537.972961     385.554326      0.050091        9.176328       
184             393.312355      3557.673584     385.596444      0.050089        9.226417       
185             396.083302      3577.513000     385.653068      0.050089        9.276506       
186             389.786665      3597.037415     385.675268      0.050090        9.326596       
187             381.237619      3616.135132     385.651561      0.050094        9.376690       
188             386.437789      3635.491028     385.655738      0.050088        9.426778       
189             377.216958      3654.385071     385.611137      0.050088        9.476866       
190             409.776667      3674.911194     385.738195      0.050091        9.526957       
191             361.960945      3693.042542     385.613830      0.050092        9.577049       
192             340.810593      3710.113403     385.380723      0.050089        9.627138       
193             377.003710      3728.996765     385.337365      0.050088        9.677226       
194             390.054737      3748.534607     385.361656      0.050090        9.727316       
195             375.943564      3767.364868     385.313409      0.050088        9.777404       
196             389.625822      3786.881226     385.335389      0.050090        9.827494       
197             393.994070      3806.615601     385.379296      0.050088        9.877582       
198             407.332282      3827.024170     385.490089      0.050103        9.927685       
199             392.350757      3846.675842     385.524528      0.050087        9.977772       
200             395.521558      3866.487122     385.574463      0.050089        10.027861      
201             379.603846      3885.501099     385.544788      0.050089        10.077950      
202             388.658325      3904.968994     385.560187      0.050090        10.128040      
203             382.101841      3924.108093     385.543167      0.050089        10.178129      
204             388.737978      3943.579590     385.558813      0.050089        10.228218      
205             381.238837      3962.677368     385.537758      0.050094        10.278312      
206             347.309791      3980.074463     385.352359      0.050091        10.328403      
207             365.338432      3998.373169     385.255771      0.050087        10.378490      
208             388.253780      4017.820801     385.270171      0.050090        10.428580      
209             381.798970      4036.948547     385.253575      0.050099        10.478679      
210             384.926403      4056.229126     385.252019      0.050089        10.528768      
211             384.115217      4075.468689     385.246636      0.050088        10.578856      
212             415.200627      4096.267334     385.387806      0.050093        10.628949      
213             402.341917      4116.419434     385.467324      0.050087        10.679036      
214             383.470070      4135.625916     385.458001      0.050086        10.729122      
215             379.785946      4154.655090     385.431635      0.050105        10.779227      
216             386.339903      4174.006470     385.435836      0.050089        10.829316      
217             379.889929      4193.035156     385.410302      0.050090        10.879406      
218             385.912294      4212.819336     385.412657      0.051266        10.930672      
219             392.716973      4232.492493     385.445980      0.050095        10.980767      
220             357.021303      4250.376404     385.316901      0.050092        11.030859      
221             357.592404      4268.290710     385.191558      0.050097        11.080956      
222             380.069050      4287.328369     385.168507      0.050090        11.131046      
223             382.485679      4306.486694     385.156489      0.050089        11.181135      
224             388.524407      4325.946716     385.171508      0.050087        11.231222      
225             368.099703      4344.384094     385.095711      0.050088        11.281310      
226             413.572649      4365.099121     385.221587      0.050088        11.331398      
227             413.630737      4385.818298     385.346618      0.050091        11.381489      
228             390.981794      4405.401794     385.371309      0.050088        11.431577      
229             380.245173      4424.449036     385.348945      0.050092        11.481669      
230             382.695925      4443.617126     385.337422      0.050087        11.531756      
231             381.665914      4462.734009     385.321544      0.050088        11.581844      
232             389.857811      4482.261597     385.341078      0.050089        11.631933      
233             396.489064      4502.120544     385.388875      0.050087        11.682020      
234             368.181189      4520.563477     385.315404      0.050092        11.732112      
235             346.013725      4537.895996     385.148313      0.050092        11.782204      
236             375.532724      4556.706055     385.107608      0.050089        11.832293      
237             384.895940      4575.985107     385.106716      0.050089        11.882382      
238             384.844389      4595.261963     385.105615      0.050090        11.932472      
239             378.018769      4614.196167     385.075991      0.050088        11.982560      
240             393.508791      4633.893250     385.111071      0.050055        12.032615      
241             415.506736      4654.705566     385.237077      0.050089        12.082704      
242             394.902469      4674.485046     385.276978      0.050087        12.132791      
243             390.338877      4694.035950     385.297788      0.050087        12.182878      
244             374.511426      4712.795227     385.253622      0.050090        12.232968      
245             381.667117      4731.913696     385.238996      0.050092        12.283060      
246             388.565392      4751.376160     385.252505      0.050088        12.333148      
247             380.805321      4770.450317     385.234516      0.050089        12.383237      
248             396.294126      4790.301086     385.279073      0.050091        12.433328      
249             355.459811      4808.105713     385.159425      0.050089        12.483417      
250             350.154249      4825.643188     385.019541      0.050085        12.533502      
251             385.884604      4844.972534     385.022985      0.050091        12.583593      
252             384.984987      4864.257202     385.022834      0.050092        12.633685      
253             387.233928      4883.652588     385.031565      0.050087        12.683772      
254             376.805508      4902.525269     384.999210      0.050086        12.733858      
255             416.527505      4923.390381     385.122751      0.050093        12.783951      
256             395.378299      4943.193298     385.162774      0.050086        12.834037      
257             395.972355      4963.025574     385.204795      0.050085        12.884122      
258             388.313402      4982.481628     385.216837      0.050104        12.934226      
259             377.249638      5001.377686     385.186102      0.050089        12.984315      
260             380.734297      5020.447144     385.168996      0.050086        13.034401      
261             356.839662      5038.319458     385.060556      0.050085        13.084486      
262             428.793663      5059.796875     385.227330      0.050088        13.134574      
263             371.219984      5079.138550     385.171985      0.052103        13.186677      
264             332.690901      5095.799377     384.973431      0.050079        13.236756      
265             368.051365      5114.230286     384.909653      0.050077        13.286833      
266             377.383677      5133.133057     384.881388      0.050089        13.336922      
267             390.493146      5153.341858     384.903080      0.051752        13.388674      
268             381.526405      5172.446411     384.890498      0.050074        13.438748      
269             399.015095      5192.432678     384.942948      0.050089        13.488837      
270             410.238473      5212.981934     385.036536      0.050091        13.538928      
271             387.556366      5232.395020     385.045824      0.050091        13.589019      
272             391.430727      5252.000610     385.069271      0.050087        13.639106      
273             381.649149      5271.117798     385.056757      0.050091        13.689197      
274             383.674271      5290.336426     385.051716      0.050091        13.739288      
275             383.876732      5309.563660     385.047448      0.050087        13.789375      
276             393.266729      5329.262390     385.077197      0.050090        13.839465      
277             394.583938      5349.027100     385.111481      0.050090        13.889555      
278             366.267020      5367.363159     385.043804      0.050062        13.939617      
279             358.129458      5385.301147     384.947442      0.050088        13.989705      
280             382.190156      5404.445435     384.937604      0.050091        14.039796      
281             385.343978      5423.747314     384.939049      0.050090        14.089886      
282             377.935673      5442.677734     384.914240      0.050089        14.139975      
283             388.179012      5462.122009     384.925765      0.050091        14.190066      
284             416.284598      5482.974121     385.036072      0.050091        14.240157      
285             389.508557      5502.483826     385.051749      0.050088        14.290245      
286             386.566957      5521.846191     385.057041      0.050088        14.340333      
287             387.930441      5541.278015     385.067043      0.050091        14.390424      
288             373.896232      5560.006104     385.028295      0.050089        14.440513      
289             386.659700      5579.803467     385.034059      0.051201        14.491714      
290             385.071483      5600.174133     385.034195      0.052901        14.544615      
291             393.240444      5619.867615     385.062354      0.050080        14.594695      
292             360.634035      5637.928528     384.978816      0.050081        14.644776      
293             353.979292      5655.658997     384.873151      0.050089        14.694865      
294             374.606470      5674.423035     384.838274      0.050090        14.744955      
295             387.349224      5693.825745     384.846775      0.050091        14.795046      
296             387.615708      5713.241028     384.856118      0.050089        14.845135      
297             373.578531      5731.955444     384.818190      0.050095        14.895230      
298             409.057035      5752.444702     384.899426      0.050089        14.945319      
299             410.818707      5773.021790     384.986002      0.050088        14.995407      
300             394.489699      5792.788879     385.017653      0.050108        15.045515      
301             382.665037      5811.957336     385.009847      0.050092        15.095607      
302             382.349375      5831.483154     385.000877      0.051068        15.146675      
303             385.266832      5850.781555     385.001753      0.050091        15.196766      
304             380.553943      5869.841980     384.987142      0.050086        15.246852      
305             399.370456      5889.844849     385.034237      0.050086        15.296938      
306             367.576860      5908.257141     384.977258      0.050091        15.347029      
307             347.580769      5925.667114     384.855602      0.050089        15.397118      
308             376.735627      5944.537048     384.829273      0.050088        15.447206      
309             381.482216      5963.645874     384.818454      0.050091        15.497297      
310             390.579183      5983.209595     384.837013      0.050089        15.547386      
311             383.040448      6002.395325     384.831244      0.050088        15.597474      
312             390.653759      6021.961609     384.849881      0.050086        15.647560      
313             407.356261      6042.352234     384.921649      0.050056        15.697616      
314             397.684494      6062.271057     384.962242      0.050087        15.747703      
315             381.362191      6081.373108     384.950828      0.050089        15.797792      
316             389.448847      6100.879822     384.965044      0.050088        15.847880      
317             380.619173      6119.944275     384.951352      0.050088        15.897968      
318             383.883178      6139.171448     384.947997      0.050086        15.948054      
319             386.597421      6158.535339     384.953161      0.050088        15.998142      
320             386.695306      6177.904907     384.958599      0.050090        16.048232      
321             347.337062      6195.302673     384.841542      0.050089        16.098321      
322             367.496542      6213.709473     384.787743      0.050087        16.148408      
323             386.223743      6233.055420     384.792184      0.050090        16.198498      
324             377.529675      6251.965881     384.769795      0.050090        16.248588      
325             386.358216      6271.321655     384.774678      0.050098        16.298686      
326             382.009233      6290.456116     384.766205      0.050089        16.348775      
327             410.137339      6311.000305     384.843702      0.050091        16.398866      
328             387.511282      6330.411133     384.851826      0.050091        16.448957      
329             400.271545      6350.459534     384.898636      0.050087        16.499044      
330             391.062715      6370.046692     384.917292      0.050087        16.549131      
331             381.033187      6389.132263     384.905572      0.050089        16.599220      
332             388.202163      6408.577698     384.915490      0.050091        16.649311      
333             363.319125      6426.774536     384.850718      0.050085        16.699396      
334             405.862038      6447.103760     384.913552      0.050089        16.749485      
335             370.659539      6465.670837     384.871050      0.050092        16.799577      
336             348.784501      6483.149475     384.763724      0.050113        16.849690      
337             377.663940      6502.066284     384.742681      0.050089        16.899779      
338             388.617343      6521.531738     384.754131      0.050089        16.949868      
339             389.050528      6541.017334     384.766789      0.050085        16.999953      
340             379.739832      6561.037598     384.751248      0.052721        17.052674      
341             397.928450      6580.964661     384.789831      0.050077        17.102751      
342             408.546469      6601.428345     384.859204      0.050089        17.152840      
343             392.033363      6621.071960     384.880100      0.050107        17.202947      
344             385.081999      6640.360718     384.880686      0.050090        17.253037      
345             377.323525      6659.261230     384.858809      0.050091        17.303128      
346             385.470704      6678.569458     384.860575      0.050090        17.353218      
347             385.696076      6697.887817     384.862980      0.050087        17.403305      
348             388.680707      6717.356445     384.873936      0.050089        17.453394      
349             386.208322      6736.702393     384.877755      0.050092        17.503486      
350             345.733070      6754.020508     384.766051      0.050091        17.553577      
351             365.996565      6772.360596     384.712623      0.050110        17.603687      
352             376.374934      6791.212463     384.688967      0.050088        17.653775      
353             396.947856      6811.094788     384.723650      0.050088        17.703863      
354             377.483822      6830.002197     384.703224      0.050088        17.753951      
355             392.703088      6849.672302     384.725731      0.050089        17.804040      
356             407.715380      6870.095581     384.790231      0.050092        17.854132      
357             404.809547      6890.371277     384.846235      0.050087        17.904219      
358             384.029918      6909.606567     384.843958      0.050088        17.954307      
359             384.693294      6928.875854     384.843539      0.050090        18.004397      
360             379.232892      6947.872009     384.827972      0.050091        18.054488      
361             378.443802      6966.827881     384.810310      0.050089        18.104577      
362             388.726334      6986.279358     384.821103      0.050039        18.154616      
363             390.654241      7005.849182     384.837155      0.050095        18.204711      
364             357.831246      7023.772949     384.763052      0.050090        18.254801      
365             358.128401      7041.711243     384.690170      0.050089        18.304890      
366             374.228572      7060.456726     384.661620      0.050091        18.354981      
367             389.805219      7079.982849     384.675619      0.050092        18.405073      
368             387.477220      7099.390808     384.683223      0.050088        18.455161      
369             351.174544      7116.979736     384.592529      0.050086        18.505247      
370             429.889200      7138.511597     384.714799      0.050087        18.555334      
371             414.378373      7159.267395     384.794659      0.050089        18.605423      
372             392.778480      7178.940491     384.816094      0.050087        18.655510      
373             376.907657      7197.818665     384.794918      0.050087        18.705597      
374             391.283430      7217.419617     384.812248      0.050094        18.755691      
375             380.922888      7236.498901     384.801889      0.050087        18.805778      
376             380.611861      7255.562988     384.790759      0.050088        18.855866      
377             391.708764      7275.183289     384.809087      0.050089        18.905955      
378             380.804738      7294.258179     384.798506      0.050091        18.956046      
379             341.415481      7311.359680     384.684171      0.050090        19.006136      
380             360.477620      7329.415283     384.620546      0.050088        19.056224      
381             380.133631      7348.456177     384.608783      0.050090        19.106314      
382             390.101518      7367.995972     384.623145      0.050089        19.156403      
383             380.702613      7387.063843     384.612921      0.050086        19.206489      
384             387.253383      7406.461365     384.619790      0.050090        19.256579      
385             415.698276      7427.283691     384.700421      0.050090        19.306669      
386             397.397593      7447.204041     384.733302      0.050127        19.356796      
387             390.517771      7466.765076     384.748232      0.050090        19.406886      
388             388.385046      7486.218506     384.757594      0.050088        19.456974      
389             382.388843      7505.371216     384.751512      0.050087        19.507061      
390             381.782896      7524.493958     384.743909      0.050088        19.557149      
391             386.388644      7543.847778     384.748111      0.050089        19.607238      
392             399.527874      7563.861328     384.785774      0.050093        19.657331      
393             360.393888      7581.913818     384.723777      0.050091        19.707422      
394             339.213095      7598.904663     384.608398      0.050089        19.757511      
395             372.726747      7617.576782     384.578348      0.050096        19.807607      
396             389.755454      7637.099243     384.591407      0.050089        19.857696      
397             381.872848      7656.583923     384.584440      0.051024        19.908720      
398             378.847209      7676.257080     384.569514      0.051929        19.960649      
399             414.154693      7697.014099     384.643613      0.050119        20.010768      
400             404.123930      7717.267578     384.692279      0.050117        20.060885      
401             394.724238      7737.299438     384.717594      0.050749        20.111634      
402             385.951086      7756.640991     384.720660      0.050114        20.161748      
403             387.958593      7776.089355     384.728690      0.050130        20.211878      
404             375.406948      7794.903625     384.705634      0.050117        20.261995      
405             368.705622      7814.316345     384.664165      0.052651        20.314646      
406             411.001393      7834.913269     384.728976      0.050114        20.364760      
407             371.058785      7853.515930     384.695406      0.050134        20.414894      
408             337.846306      7870.995422     384.576975      0.051738        20.466632      
409             368.475695      7889.456055     384.537657      0.050100        20.516732      
410             386.332337      7908.820190     384.542031      0.050123        20.566855      
411             391.137290      7928.420471     384.558061      0.050111        20.616966      
412             386.193540      7947.778809     384.562028      0.050126        20.667092      
413             399.122493      7967.779236     384.597247      0.050111        20.717203      
414             400.375377      7987.844849     384.635324      0.050117        20.767320      
415             402.726352      8008.917908     384.680792      0.052326        20.819646      
416             389.838235      8028.454651     384.693176      0.050115        20.869761      
417             383.425513      8047.674622     384.690139      0.050127        20.919888      
418             384.723267      8066.957336     384.690218      0.050121        20.970009      
419             379.931944      8085.999146     384.678873      0.050119        21.020128      
420             398.624930      8106.026062     384.712126      0.050240        21.070368      
421             374.980161      8124.825317     384.689025      0.050134        21.120502      
422             314.267395      8141.834412     384.509025      0.054123        21.174625      
423             390.397482      8161.398010     384.522928      0.050112        21.224737      
424             387.979547      8180.843933     384.531071      0.050121        21.274858      
425             388.059648      8200.297363     384.539366      0.050130        21.324988      
426             383.112512      8219.498962     384.536020      0.050120        21.375108      
427             397.890379      8240.003845     384.568139      0.051534        21.426642      
428             409.874549      8260.571350     384.627267      0.050180        21.476822      
429             405.032712      8281.155518     384.675439      0.050821        21.527643      
430             374.443105      8299.928223     384.651664      0.050135        21.577778      
431             385.984073      8319.274902     384.654752      0.050123        21.627901      
432             385.338761      8338.590393     384.656334      0.050126        21.678027      
433             380.308805      8357.655273     384.646304      0.050130        21.728157      
434             368.209639      8377.343811     384.605954      0.053471        21.781628      
435             408.195136      8397.802551     384.660108      0.050120        21.831748      
436             330.144709      8415.590088     384.525902      0.053878        21.885626      
437             375.093451      8434.387146     384.504354      0.050113        21.935739      
438             380.563915      8453.465576     384.495369      0.050132        21.985871      
439             394.004558      8473.214661     384.516999      0.050124        22.035995      
440             381.234714      8492.323669     384.509550      0.050124        22.086119      
441             380.945124      8512.334717     384.501092      0.052530        22.138649      
442             414.044796      8533.095337     384.567853      0.050141        22.188790      
443             402.138899      8553.945435     384.608815      0.051848        22.240638      
444             386.657891      8573.322021     384.613422      0.050113        22.290751      
445             388.933698      8592.820435     384.623117      0.050133        22.340884      
446             389.547443      8612.343384     384.634139      0.050117        22.391001      
447             385.022084      8631.641846     384.635005      0.050123        22.441124      
448             378.279594      8651.130432     384.620448      0.051519        22.492643      
449             396.150946      8671.015625     384.646123      0.050196        22.542839      
450             344.916861      8689.575256     384.551517      0.053809        22.596648      
451             356.584387      8707.440491     384.489645      0.050101        22.646749      
452             371.815051      8726.076233     384.461656      0.050121        22.696870      
453             391.795994      8745.713440     384.477817      0.050121        22.746991      
454             387.233400      8765.123901     384.483876      0.050126        22.797117      
455             375.345615      8784.088989     384.463667      0.050527        22.847644      
456             416.267996      8804.957336     384.533299      0.050132        22.897776      
457             407.007800      8825.356567     384.582385      0.050120        22.947896      
458             391.851064      8846.412292     384.599365      0.053734        23.001630      
459             387.949520      8865.850891     384.606647      0.050106        23.051736      
460             380.713955      8884.936462     384.598200      0.050131        23.101867      
461             386.947591      8904.356201     384.603293      0.050187        23.152054      
462             377.982667      8923.477966     384.588858      0.050589        23.202643      
463             392.299644      8943.146301     384.605483      0.050136        23.252779      
464             367.696156      8961.581116     384.569103      0.050136        23.302915      
465             348.452756      8980.301392     384.486030      0.053724        23.356639      
466             373.650001      8999.023499     384.462833      0.050106        23.406745      
467             383.670429      9018.254211     384.461140      0.050123        23.456868      
468             383.534737      9037.477356     384.459165      0.050121        23.506989      
469             384.250225      9056.731750     384.458720      0.050109        23.557098      
470             410.236396      9077.288696     384.513437      0.050110        23.607208      
471             413.975201      9098.051208     384.575897      0.050154        23.657362      
472             391.948478      9117.757202     384.591532      0.050277        23.707639      
473             378.445468      9136.740784     384.578555      0.050162        23.757801      
474             377.352073      9155.656311     384.563340      0.050127        23.807928      
475             386.325861      9175.021667     384.567043      0.050127        23.858055      
476             381.275498      9194.131958     384.560143      0.050122        23.908177      
477             399.905705      9214.175232     384.592245      0.050120        23.958297      
478             376.793351      9233.064636     384.575960      0.050132        24.008429      
479             342.535068      9251.292297     384.482984      0.053214        24.061643      
480             357.104194      9269.190002     384.426074      0.050119        24.111762      
481             388.779162      9288.676392     384.435104      0.050122        24.161884      
482             383.151009      9307.881836     384.432446      0.050125        24.212009      
483             389.774797      9327.418518     384.443482      0.050123        24.262132      
484             390.623605      9347.929382     384.456829      0.052508        24.314640      
485             409.647127      9368.467041     384.508662      0.050135        24.364775      
486             377.592122      9388.799622     384.493410      0.053848        24.418623      
487             412.118232      9409.452515     384.549988      0.050114        24.468737      
488             384.419574      9428.723083     384.549721      0.050129        24.518866      
489             383.041630      9447.924194     384.546644      0.050128        24.568994      
490             388.434325      9467.391357     384.554558      0.050117        24.619111      
491             389.780887      9488.258667     384.565899      0.053536        24.672647      
492             380.669806      9507.334412     384.558002      0.050111        24.722758      
493             344.220601      9525.539551     384.471894      0.052888        24.775646      
494             358.584587      9543.516113     384.419619      0.050132        24.825778      
495             380.534124      9562.593811     384.411788      0.050134        24.875912      
496             382.421955      9581.762329     384.407787      0.050124        24.926036      
497             386.411085      9601.130798     384.411807      0.050124        24.976160      
498             362.902855      9620.534851     384.365859      0.053469        25.029629      
499             446.539326      9642.914062     384.490101      0.050117        25.079746      
500             368.092550      9662.746521     384.454949      0.053879        25.133625      
501             415.463598      9683.568726     384.516659      0.050118        25.183743      
502             395.754524      9703.408691     384.538985      0.050132        25.233875      
503             379.091591      9722.410278     384.528186      0.050124        25.283999      
504             380.968335      9741.505554     384.521143      0.050123        25.334122      
505             386.222736      9761.406067     384.524597      0.051526        25.385648      
506             391.365905      9781.027588     384.538082      0.050136        25.435784      
507             351.719958      9799.263916     384.471321      0.051849        25.487633      
508             355.705485      9817.088318     384.414876      0.050110        25.537743      
509             380.961110      9836.186279     384.408110      0.050131        25.587874      
510             377.777352      9855.118591     384.395149      0.050115        25.637989      
511             384.407013      9874.385071     384.395172      0.050120        25.688109      
512             389.039760      9894.435791     384.404472      0.051539        25.739648      
513             408.042053      9914.895020     384.450427      0.050140        25.789788      
514             405.892971      9935.939758     384.493449      0.051848        25.841636      
515             390.270075      9955.496582     384.504629      0.050111        25.891747      
516             386.910399      9974.886597     384.509277      0.050115        25.941862      
517             379.872671      9993.926575     384.500336      0.050122        25.991984      
518             388.169420      10013.383179    384.507398      0.050124        26.042108      
519             371.121585      10032.881165    384.480447      0.052538        26.094646      
520             409.852523      10053.428711    384.529100      0.050134        26.144780      
521             361.581029      10071.551514    384.485191      0.050121        26.194901      
522             337.556872      10088.677124    384.394476      0.050734        26.245635      
523             373.033897      10107.370972    384.372826      0.050113        26.295748      
524             384.023715      10126.620544    384.372162      0.050126        26.345874      
525             377.981020      10145.564575    384.360027      0.050119        26.395993      
526             395.437720      10165.384705    384.381022      0.050122        26.446115      
527             395.520429      10185.207397    384.402092      0.050118        26.496233      
528             405.565356      10205.531494    384.442043      0.050113        26.546346      
529             397.080460      10226.293640    384.466887      0.052287        26.598633      
530             386.222264      10245.648010    384.470188      0.050112        26.648745      
531             389.210698      10265.155640    384.479088      0.050121        26.698866      
532             387.291382      10284.570557    384.484358      0.050130        26.748996      
533             381.920824      10303.716248    384.479563      0.050130        26.799126      
534             399.935860      10323.759033    384.508412      0.050115        26.849241      
535             370.467364      10342.330933    384.482245      0.050131        26.899372      
536             342.442608      10360.230408    384.400713      0.052270        26.951642      
537             357.236647      10378.139038    384.350281      0.050131        27.001773      
538             387.953540      10397.584045    384.356957      0.050122        27.051895      
539             381.205489      10416.691589    384.351129      0.050124        27.102019      
540             396.850303      10436.580139    384.374199      0.050116        27.152135      
541             382.455724      10455.898743    384.370637      0.050512        27.202647      
542             412.011960      10476.552490    384.421480      0.050129        27.252776      
543             406.711452      10498.462036    384.465453      0.053870        27.306646      
544             388.866977      10517.951660    384.473517      0.050119        27.356765      
545             380.584184      10537.028442    384.466404      0.050125        27.406890      
546             382.211615      10556.186035    384.462288      0.050123        27.457013      
547             380.812708      10575.271606    384.455638      0.050118        27.507131      
548             393.427589      10595.538635    384.472409      0.051514        27.558645      
549             385.460468      10614.866394    384.474204      0.050142        27.608787      
550             346.373132      10632.482239    384.404147      0.050858        27.659645      
551             358.819453      10650.467346    384.357868      0.050123        27.709768      
552             377.132249      10669.372986    384.344819      0.050130        27.759898      
553             386.556395      10688.748352    384.348805      0.050123        27.810021      
554             383.341113      10707.961792    384.346993      0.050121        27.860142      
555             385.600093      10728.208496    384.349350      0.052507        27.912649      
556             414.044471      10748.987732    384.402645      0.050186        27.962835      
557             406.617893      10770.052979    384.443726      0.051806        28.014641      
558             387.557897      10789.475830    384.449287      0.050116        28.064757      
559             383.128754      10808.680542    384.446933      0.050126        28.114883      
560             382.316338      10827.843384    384.443141      0.050123        28.165006      
561             384.975437      10847.139893    384.444087      0.050124        28.215130      
562             382.492985      10867.610535    384.440393      0.053519        28.268649      
563             393.594620      10887.337891    384.456595      0.050121        28.318770      
564             353.888695      10906.048340    384.399631      0.052871        28.371641      
565             352.672199      10923.721802    384.343690      0.050113        28.421754      
566             379.699060      10942.748901    384.335515      0.050111        28.471865      
567             390.744820      10962.334595    384.346779      0.050124        28.521989      
568             373.304509      10981.044617    384.327409      0.050120        28.572109      
569             351.875282      10999.877686    384.266732      0.053522        28.625631      
570             450.480937      11022.452637    384.382447      0.050113        28.675744      
571             415.645628      11043.289368    384.437006      0.050131        28.725875      
572             383.249122      11062.741943    384.434910      0.050757        28.776632      
573             385.513403      11082.060791    384.436785      0.050112        28.826744      
574             382.352084      11101.229248    384.433166      0.050133        28.876877      
575             385.584993      11120.554382    384.435162      0.050119        28.926996      
576             373.839875      11139.289368    384.416837      0.050115        28.977111      
577             404.463402      11159.560669    384.451450      0.050119        29.027230      
578             360.125928      11177.614502    384.409511      0.050132        29.077362      
579             345.813341      11195.690857    384.340251      0.052272        29.129634      
580             376.885908      11214.576233    384.327450      0.050109        29.179743      
581             384.324338      11233.839722    384.327445      0.050123        29.229866      
582             381.449938      11252.958374    384.322519      0.050121        29.279987      
583             385.970748      11272.306702    384.325337      0.050129        29.330116      
584             399.252416      11292.316833    384.350800      0.050119        29.380235      
585             413.315135      11313.034668    384.400133      0.050126        29.430361      
586             401.237922      11334.013794    384.429993      0.052286        29.482647      
587             372.552663      11352.694702    384.409827      0.050143        29.532790      
588             383.412961      11371.911743    384.408138      0.050121        29.582911      
589             384.400198      11391.178650    384.408125      0.050122        29.633033      
590             382.918450      11410.368225    384.405610      0.050114        29.683147      
591             376.813985      11430.516846    384.391959      0.053471        29.736618      
592             401.802921      11450.682129    384.421294      0.050187        29.786805      
593             321.837918      11468.004089    384.308416      0.053822        29.840627      
594             396.266359      11487.864563    384.328466      0.050119        29.890746      
595             384.542673      11507.138611    384.328825      0.050122        29.940868      
596             383.888751      11526.379883    384.328089      0.050122        29.990990      
597             391.283885      11545.989075    384.339693      0.050115        30.041105      
598             366.540524      11565.605957    384.308040      0.053519        30.094624      
599             441.367920      11587.741882    384.402972      0.050153        30.144777      
600             364.465424      11607.367981    384.367421      0.053849        30.198626      
601             403.651208      11627.596558    384.399369      0.050114        30.248740      
602             385.243864      11646.908447    384.400766      0.050129        30.298869      
603             388.257871      11666.369873    384.407136      0.050125        30.348994      
604             382.453124      11685.537659    384.403915      0.050118        30.399112      
605             394.156438      11706.245850    384.420741      0.052538        30.451650      
606             378.189095      11725.206360    384.410498      0.050135        30.501785      
607             356.108437      11743.674500    384.362459      0.051861        30.553646      
608             337.961722      11760.615845    384.286456      0.050128        30.603774      
609             386.167920      11779.990662    384.289535      0.050172        30.653946      
610             389.270233      11799.499329    384.297665      0.050116        30.704062      
611             378.692689      11818.480164    384.288530      0.050122        30.754184      
612             388.783417      11838.877686    384.296185      0.052465        30.806649      
613             407.598957      11859.314697    384.334050      0.050140        30.856789      
614             408.598824      11881.318970    384.376325      0.053853        30.910642      
615             391.937838      11900.958191    384.388563      0.050108        30.960750      
616             383.487106      11920.183167    384.387105      0.050132        31.010882      
617             390.275977      11939.743408    384.396607      0.050119        31.061001      
618             377.618194      11958.671143    384.385687      0.050124        31.111125      
619             388.108896      11979.055786    384.391962      0.052523        31.163648      
620             387.068928      11998.461487    384.396261      0.050135        31.213783      
621             353.174123      12017.129211    384.343480      0.052857        31.266640      
622             356.103360      12034.977112    384.298283      0.050120        31.316760      
623             382.584798      12054.154175    384.295545      0.050125        31.366885      
624             383.098910      12073.353943    384.293636      0.050117        31.417002      
625             389.338819      12092.871887    384.301674      0.050131        31.467133      
626             378.527229      12113.129150    384.291870      0.053516        31.520649      
627             415.836174      12133.972107    384.341951      0.050123        31.570772      
628             408.572405      12155.163940    384.381694      0.051868        31.622640      
629             389.030766      12174.660217    384.389050      0.050115        31.672755      
630             370.077605      12193.213318    384.366433      0.050133        31.722888      
631             388.968819      12212.708435    384.373693      0.050120        31.773008      
632             386.422448      12232.077087    384.376920      0.050123        31.823131      
633             384.116102      12252.249329    384.376491      0.052516        31.875647      
634             389.989509      12271.801453    384.385305      0.050135        31.925782      
635             365.060227      12290.099731    384.355012      0.050124        31.975906      
636             347.694376      12308.085266    384.295801      0.051728        32.027634      
637             369.692780      12326.613159    384.272986      0.050117        32.077751      
638             394.393748      12346.382935    384.288777      0.050127        32.127878      
639             383.898493      12365.624695    384.288169      0.050122        32.178000      
640             336.923076      12383.693542    384.209360      0.053629        32.231629      
641             449.833620      12406.237854    384.311241      0.050117        32.281746      
642             420.714347      12427.345093    384.367728      0.050170        32.331916      
643             385.671573      12447.679626    384.369851      0.052725        32.384641      
644             384.876201      12466.964233    384.370633      0.050106        32.434747      
645             376.895743      12485.854248    384.359100      0.050120        32.484867      
646             380.900144      12504.946106    384.353771      0.050123        32.534990      
647             383.236444      12524.156982    384.352052      0.050128        32.585118      
648             405.860589      12544.497498    384.385082      0.050117        32.635235      
649             366.408163      12562.867004    384.357509      0.050134        32.685369      
650             338.343300      12580.888184    384.282648      0.053263        32.738632      
651             366.061112      12599.230408    384.254802      0.050107        32.788739      
652             389.456975      12618.751160    384.262742      0.050123        32.838862      
653             386.129326      12638.102417    384.265586      0.050116        32.888978      
654             385.001851      12657.400635    384.266707      0.050125        32.939103      
655             407.366621      12677.818665    384.301804      0.050122        32.989225      
656             408.135170      12698.279297    384.337967      0.050132        33.039357      
657             397.902315      12718.286621    384.358579      0.050282        33.089639      
658             385.134283      12737.593018    384.359752      0.050129        33.139768      
659             380.104704      12756.645386    384.353326      0.050124        33.189892      
660             380.280611      12775.705811    384.347185      0.050122        33.240014      
661             380.962795      12794.798523    384.342090      0.050117        33.290131      
662             395.915116      12815.193298    384.359970      0.051513        33.341644      
663             382.957810      12834.395569    384.357865      0.050142        33.391786      
664             342.713473      12852.853088    384.290805      0.053857        33.445643      
665             356.457150      12870.717651    384.249160      0.050117        33.495760      
666             386.519056      12890.093079    384.252552      0.050128        33.545888      
667             383.244231      12909.302429    384.251048      0.050123        33.596011      
668             391.959497      12928.946655    384.262530      0.050118        33.646129      
669             393.375059      12949.212158    384.276461      0.051517        33.697646      
670             406.190000      12969.574463    384.309012      0.050130        33.747776      
671             404.958166      12991.387939    384.341919      0.053866        33.801642      
672             386.102533      13010.737854    384.344525      0.050116        33.851758      
673             376.669133      13029.623291    384.333174      0.050138        33.901896      
674             387.460782      13049.043213    384.337791      0.050121        33.952017      
675             383.496135      13068.266724    384.336550      0.050127        34.002144      
676             386.050272      13088.922729    384.339243      0.053506        34.055650      
677             391.711060      13108.554504    384.350075      0.050118        34.105768      
678             327.408398      13126.188721    384.260295      0.053860        34.159628      
679             379.583467      13145.208130    384.253445      0.050106        34.209734      
680             378.436476      13164.178772    384.244933      0.050129        34.259863      
681             387.521786      13183.599426    384.249720      0.050115        34.309978      
682             390.144025      13203.155396    384.258318      0.050125        34.360103      
683             387.900011      13223.148926    384.263773      0.051543        34.411646      
684             408.513312      13243.681213    384.299140      0.050261        34.461907      
685             410.450719      13265.324280    384.339093      0.052730        34.514637      
686             383.799691      13284.559937    384.338311      0.050119        34.564756      
687             382.262900      13303.746094    384.335302      0.050191        34.614947      
688             374.390606      13322.510925    384.320923      0.050121        34.665068      
689             388.623169      13341.990662    384.327135      0.050125        34.715193      
690             361.712744      13361.318420    384.292380      0.053434        34.768627      
691             412.396479      13381.987732    384.332835      0.050120        34.818747      
692             353.011309      13400.659912    384.285325      0.052894        34.871641      
693             356.883399      13418.545837    384.246000      0.050117        34.921758      
694             375.160617      13437.345886    384.232982      0.050112        34.971870      
695             387.669380      13456.777039    384.237900      0.050123        35.021993      
696             384.428715      13476.049988    384.238173      0.050134        35.072127      
697             386.592320      13495.967224    384.241626      0.051520        35.123647      
698             412.474595      13516.645813    384.281866      0.050133        35.173780      
699             412.870196      13537.338867    384.322544      0.050120        35.223900      
700             383.034412      13557.535889    384.320619      0.052729        35.276629      
701             388.621751      13577.013611    384.326721      0.050120        35.326749      
702             372.824601      13595.703308    384.310422      0.050130        35.376879      
703             382.228922      13614.862915    384.307477      0.050126        35.427005      
704             383.077410      13635.027344    384.305652      0.052638        35.479643      
705             400.761046      13655.120300    384.328873      0.050137        35.529780      
706             364.215433      13673.378784    384.300534      0.050131        35.579911      
707             321.627946      13690.655029    384.206059      0.053715        35.633626      
708             393.488886      13710.367249    384.219092      0.050096        35.683722      
709             393.896737      13730.110535    384.232666      0.050123        35.733845      
710             383.460798      13749.329590    384.231585      0.050120        35.783965      
711             384.743008      13768.633301    384.232301      0.050173        35.834138      
712             404.389422      13788.900085    384.260453      0.050117        35.884255      
713             405.474180      13809.222046    384.290041      0.050119        35.934374      
714             394.244470      13829.041504    384.303947      0.050272        35.984646      
715             392.738645      13848.729492    384.315681      0.050130        36.034776      
716             376.823471      13867.616638    384.305275      0.050122        36.084898      
717             385.007471      13886.914368    384.306249      0.050123        36.135021      
718             384.756778      13906.196838    384.306873      0.050116        36.185137      
719             237.085914      13918.110168    384.102716      0.050249        36.235386      
