1               263.222359      13.878662       263.227352      0.052726        0.052725       
2               386.220213      33.278503       323.233485      0.050230        0.102955       
3               383.293138      52.501038       342.906467      0.050151        0.153106       
4               336.552764      70.212463       341.281198      0.052626        0.205732       
5               358.141008      88.168579       344.584843      0.050137        0.255869       
6               354.486423      105.943237      346.207284      0.050142        0.306011       
7               367.784711      124.386169      349.245331      0.050146        0.356157       
8               358.166318      142.345703      350.346304      0.050143        0.406300       
9               334.390542      159.883484      348.522135      0.052447        0.458747       
10              373.003715      178.581787      350.933797      0.050129        0.508876       
11              378.232663      197.542969      353.381923      0.050131        0.559007       
12              369.515749      216.651367      354.748038      0.051712        0.610719       
13              358.312141      234.612122      355.018380      0.050126        0.660845       
14              356.154493      252.464722      355.098480      0.050126        0.710971       
15              356.771645      270.347900      355.208673      0.050125        0.761096       
16              365.101407      288.644592      355.819815      0.050114        0.811210       
17              380.464328      307.711182      357.253695      0.050114        0.861324       
18              384.870243      327.001648      358.772377      0.050122        0.911446       
19              362.097639      345.565308      358.949456      0.051267        0.962713       
20              359.982686      363.602600      359.000572      0.050106        1.012819       
21              357.739377      381.543945      358.941067      0.050152        1.062971       
22              358.445926      399.511047      358.918770      0.050125        1.113096       
23              352.445147      417.175598      358.639838      0.050120        1.163216       
24              390.974997      436.770874      359.975501      0.050119        1.213335       
25              384.764670      456.055664      360.958881      0.050121        1.263456       
26              360.974287      474.197510      360.959470      0.050258        1.313714       
27              357.886135      492.137268      360.846512      0.050127        1.363841       
28              365.470630      510.457214      361.010443      0.050127        1.413968       
29              354.488301      528.225586      360.787154      0.050124        1.464092       
30              362.694098      546.429565      360.850360      0.050191        1.514283       
31              380.820546      565.513245      361.490061      0.050112        1.564395       
32              383.584833      584.737366      362.175918      0.050117        1.614512       
33              358.983419      603.117676      362.077786      0.051201        1.665713       
34              371.681408      621.741516      362.358240      0.050107        1.715820       
35              357.673590      639.669189      362.225275      0.050123        1.765943       
36              358.498580      657.636780      362.122427      0.050119        1.816062       
37              354.648407      675.410339      361.921713      0.050116        1.866178       
38              380.357788      694.477295      362.403986      0.050129        1.916307       
39              393.114392      714.178223      363.186652      0.050115        1.966422       
40              364.535000      733.242310      363.221582      0.052297        2.018719       
41              354.819056      751.026550      363.018014      0.050122        2.068841       
42              358.847858      769.017029      362.919350      0.050134        2.118975       
43              363.658775      787.245789      362.936437      0.050126        2.169101       
44              353.072354      804.956604      362.713479      0.050162        2.219263       
45              386.277891      824.314148      363.233835      0.050113        2.269376       
46              389.724491      843.850647      363.806350      0.050129        2.319505       
47              364.883399      862.169983      363.829169      0.050206        2.369711       
48              362.182359      880.321838      363.795061      0.050118        2.419829       
49              361.575125      898.445068      363.750011      0.050123        2.469952       
50              359.563472      916.467468      363.666743      0.050123        2.520075       
51              355.379233      934.285828      363.505073      0.050139        2.570214       
52              385.556538      953.608765      363.926834      0.050117        2.620331       
53              381.456330      972.725830      364.255808      0.050116        2.670447       
54              348.565366      991.288330      363.949027      0.053254        2.723701       
55              382.760201      1010.464233     364.288786      0.050099        2.773800       
56              358.988570      1028.457458     364.194712      0.050122        2.823922       
57              358.933191      1046.446472     364.102960      0.050118        2.874040       
58              348.719779      1063.922913     363.839314      0.050116        2.924156       
59              395.637928      1083.751099     364.375126      0.050117        2.974273       
60              378.640056      1102.731567     364.611560      0.050128        3.024401       
61              369.947128      1121.714294     364.700573      0.051312        3.075713       
62              365.665230      1140.036682     364.716037      0.050107        3.125820       
63              355.426919      1157.851746     364.569435      0.050123        3.175943       
64              363.064193      1176.048523     364.546050      0.050120        3.226063       
65              349.570841      1193.607117     364.316464      0.050229        3.276292       
66              389.913686      1213.152710     364.702205      0.050128        3.326420       
67              382.934483      1232.348450     364.972881      0.050128        3.376548       
68              372.999127      1252.179321     365.097300      0.053166        3.429714       
69              358.998367      1270.164062     365.009497      0.050097        3.479811       
70              364.467285      1288.433350     365.001797      0.050126        3.529937       
71              351.283087      1306.039307     364.809742      0.050119        3.580056       
72              358.210278      1324.905884     364.714060      0.052669        3.632725       
73              395.574600      1344.730896     365.134018      0.050117        3.682842       
74              379.206493      1363.739380     365.322986      0.050127        3.732969       
75              368.093479      1382.786377     365.360864      0.051745        3.784714       
76              361.979608      1400.925537     365.316680      0.050111        3.834825       
77              361.230514      1419.031494     365.263961      0.050123        3.884948       
78              360.452513      1437.098816     365.202674      0.050124        3.935072       
79              352.714283      1455.671692     365.037768      0.052657        3.987729       
80              393.788478      1475.410339     365.394672      0.050125        4.037854       
81              383.144928      1494.622375     365.612395      0.050143        4.087997       
82              361.300662      1513.668701     365.557502      0.052716        4.140713       
83              359.858311      1531.699402     365.489363      0.050105        4.190818       
84              359.530994      1549.721252     365.418938      0.050126        4.240944       
85              359.942679      1567.764099     365.354966      0.050127        4.291071       
86              364.575187      1586.958618     365.345514      0.052649        4.343720       
87              382.815187      1606.161011     365.544950      0.050161        4.393881       
88              388.625595      1625.916016     365.808917      0.050833        4.444714       
89              360.294643      1643.969299     365.747446      0.050107        4.494821       
90              356.948793      1661.857788     365.650427      0.050115        4.544936       
91              366.967149      1680.250916     365.664789      0.050122        4.595058       
92              361.346972      1698.365601     365.618191      0.050131        4.645189       
93              329.858060      1716.020264     365.210855      0.053522        4.698711       
94              423.935213      1737.269592     365.830692      0.050124        4.748835       
95              371.084825      1757.265869     365.889642      0.053886        4.802721       
96              370.777763      1775.843689     365.940112      0.050105        4.852826       
97              362.137949      1793.996216     365.901240      0.050126        4.902952       
98              359.170949      1811.997864     365.833136      0.050120        4.953072       
99              358.592199      1829.969788     365.760602      0.050118        5.003190       
100             344.367617      1848.398621     365.534201      0.053515        5.056705       
101             411.054087      1868.998596     365.980903      0.050115        5.106820       
102             351.967853      1887.965088     365.834582      0.053887        5.160707       
103             391.780558      1907.603088     366.084166      0.050125        5.210832       
104             359.096440      1925.603516     366.017586      0.050127        5.260959       
105             358.680333      1943.580933     365.948344      0.050121        5.311080       
106             367.892525      1962.021545     365.966522      0.050125        5.361205       
107             368.080117      1981.720825     365.987412      0.053519        5.414724       
108             387.586396      2001.143555     366.185473      0.050112        5.464836       
109             369.867842      2019.965759     366.219447      0.050889        5.515725       
110             367.313828      2038.382507     366.229306      0.050139        5.565864       
111             359.296266      2056.393311     366.167422      0.050128        5.615992       
112             360.223947      2074.450256     366.114841      0.050127        5.666119       
113             359.548328      2092.470459     366.057267      0.050119        5.716238       
114             370.837702      2111.935730     366.100764      0.052490        5.768728       
115             388.281811      2131.403015     366.291883      0.050137        5.818865       
116             347.801764      2150.128662     366.122368      0.053840        5.872705       
117             391.475724      2169.749817     366.336917      0.050121        5.922826       
118             362.480030      2187.919128     366.304550      0.050125        5.972951       
119             357.838982      2205.857239     366.234093      0.050129        6.023080       
120             360.888076      2223.949280     366.189963      0.050132        6.073212       
121             378.651903      2243.450989     366.294756      0.051503        6.124715       
122             382.407441      2262.622986     366.425579      0.050135        6.174850       
123             347.531841      2281.339661     366.262216      0.053856        6.228706       
124             384.925966      2300.629456     366.411176      0.050113        6.278819       
125             364.431867      2318.895874     366.395501      0.050123        6.328942       
126             356.992707      2336.789062     366.321621      0.050122        6.379064       
127             365.147645      2355.087341     366.312470      0.050112        6.429176       
128             376.741758      2373.966248     366.393131      0.050111        6.479287       
129             384.996417      2393.267273     366.535967      0.050133        6.529420       
130             371.470496      2412.695923     366.575179      0.052302        6.581722       
131             360.455752      2430.765930     366.528922      0.050131        6.631853       
132             362.529954      2448.937744     366.498924      0.050125        6.681978       
133             355.373340      2466.750122     366.416089      0.050123        6.732101       
134             358.930755      2484.739014     366.360776      0.050118        6.782219       
135             385.299571      2504.049072     366.499697      0.050117        6.832336       
136             385.004658      2523.352051     366.634501      0.050137        6.882473       
137             348.875352      2541.923035     366.498200      0.053231        6.935704       
138             384.071739      2561.182312     366.624345      0.050145        6.985849       
139             366.109892      2579.537231     366.620679      0.050135        7.035984       
140             360.856357      2597.623352     366.579908      0.050120        7.086104       
141             352.642428      2615.297791     366.482021      0.050120        7.136224       
142             379.467111      2634.314026     366.572570      0.050113        7.186337       
143             395.994759      2654.160095     366.776338      0.050117        7.236454       
144             346.418726      2672.607239     366.627626      0.053251        7.289705       
145             380.799342      2691.701660     366.724442      0.050143        7.339848       
146             358.557951      2709.674377     366.669050      0.050125        7.389973       
147             368.869511      2728.161011     366.683872      0.050117        7.440090       
148             360.151625      2746.212891     366.640160      0.050123        7.490213       
149             379.974447      2765.255310     366.728783      0.050115        7.540328       
150             388.069406      2784.703796     366.869685      0.050116        7.590444       
151             342.962342      2802.969971     366.703102      0.053260        7.643704       
152             382.177576      2822.124329     366.803906      0.050119        7.693823       
153             359.769650      2840.158142     366.758374      0.050126        7.743949       
154             365.263674      2858.468445     366.748760      0.050129        7.794078       
155             360.522489      2876.541077     366.708971      0.050129        7.844207       
156             386.367203      2895.902710     366.833759      0.050112        7.894319       
157             388.353624      2915.369324     366.969540      0.050126        7.944445       
158             362.003919      2933.567261     366.938316      0.050270        7.994715       
159             362.188113      2951.723389     366.908717      0.050129        8.044844       
160             359.051103      2969.720825     366.860062      0.050125        8.094969       
161             366.839262      2988.108276     366.859934      0.050124        8.145093       
162             365.112631      3006.409912     366.849246      0.050126        8.195219       
163             375.636361      3025.242065     366.902674      0.050134        8.245353       
164             387.707267      3044.672791     367.028365      0.050117        8.295470       
165             366.693236      3063.466919     367.026307      0.051253        8.346723       
166             356.609368      3081.345886     366.964110      0.050136        8.396859       
167             354.858165      3099.134216     366.892268      0.050128        8.446987       
168             371.935381      3117.776733     366.922016      0.050123        8.497110       
169             358.901710      3135.779602     366.874948      0.050161        8.547271       
170             380.889045      3154.866333     366.956631      0.050111        8.597382       
171             383.571783      3174.089417     367.052923      0.050116        8.647498       
172             366.443725      3193.593384     367.049196      0.053225        8.700723       
173             364.971064      3211.883179     367.037295      0.050113        8.750836       
174             365.641119      3230.212402     367.029343      0.050129        8.800965       
175             360.016830      3248.258606     366.989629      0.050126        8.851091       
176             361.889369      3266.403015     366.960901      0.050138        8.901229       
177             381.944071      3285.545288     367.044791      0.050118        8.951347       
178             383.104662      3304.745728     367.134208      0.050118        9.001465       
179             362.624417      3323.333130     367.108673      0.051258        9.052723       
180             370.848908      3341.922302     367.129269      0.050126        9.102849       
181             362.555671      3360.096130     367.104222      0.050127        9.152976       
182             356.761527      3377.978088     367.047892      0.050123        9.203099       
183             359.805796      3396.012634     367.008663      0.050123        9.253222       
184             384.813543      3415.297180     367.104572      0.050114        9.303336       
185             390.454027      3434.867126     367.229691      0.050121        9.353457       
186             368.550878      3453.391968     367.236753      0.050264        9.403721       
187             352.581952      3471.065491     367.159051      0.050126        9.453847       
188             366.992565      3489.463562     367.158173      0.050132        9.503979       
189             358.962274      3507.453674     367.115180      0.050117        9.554096       
190             364.296701      3525.713318     367.100471      0.050123        9.604219       
191             378.372174      3544.674683     367.158979      0.050113        9.654332       
192             390.225309      3564.231995     367.278104      0.050118        9.704450       
193             363.730622      3583.243103     367.259100      0.052267        9.756717       
194             360.203109      3601.302246     367.223027      0.050136        9.806853       
195             369.884248      3619.844543     367.236561      0.050130        9.856983       
196             360.965681      3637.939392     367.204831      0.050129        9.907112       
197             355.568173      3655.761536     367.146255      0.050123        9.957235       
198             384.567888      3675.033386     367.233495      0.050113        10.007348      
199             386.495506      3694.404541     367.329485      0.050120        10.057468      
200             365.250261      3712.760193     367.319147      0.050255        10.107723      
201             362.100941      3730.914124     367.293392      0.050135        10.157858      
202             366.119622      3749.267700     367.287628      0.050130        10.207988      
203             352.536900      3766.938965     367.215549      0.050126        10.258114      
204             369.994969      3785.487183     367.229066      0.050131        10.308245      
205             376.402748      3804.349854     367.273448      0.050113        10.358358      
206             387.442993      3823.767334     367.370564      0.050117        10.408475      
207             369.839701      3842.721619     367.382662      0.051250        10.459725      
208             368.863581      3861.215332     367.389727      0.050137        10.509862      
209             360.797647      3879.317993     367.358406      0.050174        10.560036      
210             360.043385      3897.368408     367.323842      0.050134        10.610170      
211             363.049706      3915.565186     367.303746      0.050122        10.660292      
212             375.262565      3934.371094     367.340985      0.050114        10.710406      
213             389.398403      3953.886963     367.443720      0.050118        10.760524      
214             367.497424      3972.333496     367.443969      0.050195        10.810719      
215             366.546283      3992.147522     367.439503      0.054056        10.864775      
216             362.282926      4010.307678     367.415821      0.050127        10.914902      
217             359.422487      4028.320496     367.379287      0.050116        10.965018      
218             360.563548      4046.394104     367.348271      0.050126        11.015144      
219             388.489555      4065.867920     367.444044      0.050127        11.065271      
220             386.344087      4085.230713     367.529262      0.050118        11.115389      
221             364.402817      4104.296997     367.514614      0.052322        11.167711      
222             359.551073      4122.311584     367.479046      0.050103        11.217814      
223             368.957538      4140.808533     367.485624      0.050133        11.267947      
224             355.906475      4158.645142     367.434352      0.050116        11.318063      
225             357.999373      4176.590576     367.392749      0.050127        11.368190      
226             386.971294      4195.983643     367.478679      0.050115        11.418305      
227             388.671807      4215.462708     367.571293      0.050117        11.468422      
228             372.861594      4234.587524     367.594849      0.051292        11.519714      
229             358.647928      4252.558655     367.556100      0.050108        11.569822      
230             363.472313      4270.776978     367.538485      0.050123        11.619945      
231             362.023325      4288.923035     367.514797      0.050124        11.670069      
232             360.475192      4306.990051     367.484693      0.050120        11.720189      
233             386.650482      4326.387146     367.566380      0.050167        11.770356      
234             386.056373      4345.739380     367.644792      0.050128        11.820484      
235             367.801481      4364.581482     367.645468      0.051229        11.871713      
236             358.091917      4382.526184     367.605311      0.050112        11.921825      
237             361.990700      4400.671692     367.581802      0.050127        11.971952      
238             364.258602      4418.926147     367.567949      0.050114        12.022066      
239             352.315508      4436.583496     367.504628      0.050118        12.072184      
240             394.039227      4456.329590     367.614319      0.050112        12.122296      
241             391.949945      4475.974121     367.714521      0.050120        12.172416      
242             364.879586      4494.692444     367.702624      0.051300        12.223716      
243             363.969730      4512.930603     367.687384      0.050109        12.273825      
244             361.850675      4531.069092     367.663643      0.050127        12.323952      
245             358.743482      4549.052185     367.627507      0.050128        12.374080      
246             362.190964      4567.204834     367.605576      0.050119        12.424199      
247             388.290515      4586.665955     367.688685      0.050120        12.474319      
248             385.711984      4605.995911     367.760803      0.050115        12.524434      
249             362.102308      4624.925171     367.737284      0.052276        12.576710      
250             365.469102      4643.237366     367.728283      0.050106        12.626816      
251             359.669414      4661.275146     367.696401      0.050151        12.676967      
252             360.399573      4679.338013     367.667667      0.050119        12.727086      
253             360.012777      4697.400574     367.637608      0.050172        12.777258      
254             392.050977      4717.047424     367.732985      0.050113        12.827371      
255             389.213715      4736.559875     367.816611      0.050133        12.877504      
256             368.480887      4756.167480     367.819344      0.053212        12.930716      
257             367.086889      4774.558167     367.816517      0.050099        12.980815      
258             362.923643      4792.765320     367.797680      0.050168        13.030983      
259             361.118991      4810.863159     367.772093      0.050116        13.081099      
260             352.077457      4829.391235     367.709207      0.052625        13.133724      
261             395.564243      4849.226013     367.815150      0.050143        13.183867      
262             383.355767      4868.442871     367.874015      0.050128        13.233995      
263             367.322724      4887.075684     367.871910      0.050726        13.284721      
264             360.975455      4905.162720     367.845996      0.050106        13.334827      
265             364.147088      4923.416321     367.832144      0.050127        13.384954      
266             363.661163      4941.653564     367.816575      0.050149        13.435103      
267             362.214473      4961.075867     367.794305      0.053621        13.488724      
268             392.795144      4980.760010     367.886844      0.050113        13.538837      
269             384.088424      5001.455078     367.951066      0.053881        13.592718      
270             354.100874      5019.196594     367.900201      0.050103        13.642821      
271             375.486723      5038.023499     367.927981      0.050140        13.692961      
272             360.620107      5056.097778     367.901330      0.050120        13.743081      
273             359.779519      5074.132446     367.871814      0.050127        13.793208      
274             366.316687      5093.372131     367.865915      0.052522        13.845730      
275             391.148451      5112.992920     367.949961      0.050162        13.895892      
276             379.036451      5133.393799     367.992737      0.053823        13.949715      
277             364.873441      5151.676147     367.981573      0.050106        13.999821      
278             366.316880      5170.036682     367.975634      0.050122        14.049943      
279             362.822734      5188.219543     367.957319      0.050115        14.100058      
280             362.000525      5206.365906     367.936217      0.050128        14.150186      
281             369.853626      5225.428162     367.943175      0.051540        14.201726      
282             385.085468      5244.735962     368.003483      0.050139        14.251865      
283             387.757257      5264.844666     368.075102      0.051859        14.303724      
284             361.060636      5282.939941     368.050610      0.050117        14.353841      
285             363.700075      5301.170044     368.035471      0.050124        14.403965      
286             361.625720      5319.293640     368.013246      0.050117        14.454082      
287             363.381154      5337.508484     367.997238      0.050126        14.504208      
288             346.292941      5356.035156     367.917474      0.053500        14.557708      
289             412.997494      5376.733765     368.072139      0.050118        14.607826      
290             384.171314      5397.438293     368.131317      0.053894        14.661720      
291             364.124838      5415.687866     368.117668      0.050119        14.711839      
292             365.582676      5434.014160     368.109060      0.050129        14.761968      
293             361.242492      5452.119995     368.085825      0.050121        14.812089      
294             360.110831      5470.171631     368.058926      0.050128        14.862217      
295             370.953914      5488.908142     368.068732      0.050509        14.912726      
296             385.619764      5508.248901     368.127562      0.050155        14.962881      
297             383.199807      5528.493347     368.180591      0.052830        15.015711      
298             363.737015      5546.764221     368.165776      0.050231        15.065942      
299             364.271710      5565.028076     368.152859      0.050138        15.116080      
300             370.305093      5583.604431     368.159978      0.050165        15.166245      
301             364.680004      5601.880005     368.148517      0.050114        15.216359      
302             368.334528      5621.168579     368.149155      0.052367        15.268726      
303             392.350597      5640.835938     368.228348      0.050127        15.318853      
304             373.373202      5660.203552     368.245711      0.051872        15.370725      
305             362.316942      5678.365051     368.226439      0.050126        15.420851      
306             367.728231      5696.796326     368.224825      0.050122        15.470973      
307             361.024618      5714.891602     368.201574      0.050122        15.521095      
308             366.564101      5733.263428     368.196303      0.050119        15.571214      
309             371.484877      5752.764526     368.207352      0.052495        15.623709      
310             393.136672      5772.461853     368.287042      0.050103        15.673812      
311             377.597709      5791.685730     368.317186      0.050911        15.724723      
312             360.449963      5809.752563     368.292189      0.050123        15.774846      
313             362.658672      5827.929016     368.274347      0.050120        15.824966      
314             366.579844      5846.306030     368.268996      0.050131        15.875097      
315             362.863059      5864.491638     368.251983      0.050117        15.925214      
316             376.675394      5883.891174     368.279137      0.051502        15.976716      
317             391.458426      5903.517334     368.351647      0.050136        16.026852      
318             371.625986      5923.535339     368.362615      0.053866        16.080718      
319             364.627728      5941.809387     368.351011      0.050117        16.130835      
320             366.164672      5960.165588     368.344238      0.050131        16.180966      
321             363.639088      5978.391907     368.329708      0.050122        16.231088      
322             366.421639      5996.754761     368.323835      0.050114        16.281202      
323             377.925231      6015.845276     368.353532      0.050514        16.331716      
324             389.652937      6035.378967     368.418712      0.050131        16.381847      
325             374.566164      6054.808838     368.438116      0.051873        16.433720      
326             365.155480      6073.116638     368.428132      0.050137        16.483857      
327             363.586987      6091.342163     368.413455      0.050127        16.533984      
328             362.741412      6109.522400     368.396313      0.050119        16.584103      
329             367.613989      6127.945007     368.393956      0.050114        16.634217      
330             373.054864      6146.642517     368.407958      0.050120        16.684337      
331             387.342519      6166.059998     368.464678      0.050130        16.734467      
332             372.398010      6185.890564     368.477155      0.053251        16.787718      
333             363.138600      6204.091797     368.461263      0.050122        16.837840      
334             373.918091      6222.838928     368.477463      0.050137        16.887977      
335             358.079086      6240.786926     368.446693      0.050123        16.938100      
336             364.613241      6259.061707     368.435383      0.050121        16.988221      
337             380.683681      6278.142334     368.471414      0.050122        17.038343      
338             396.674957      6298.032410     368.554170      0.050142        17.088485      
339             349.971058      6316.658569     368.496473      0.053222        17.141707      
340             384.229298      6335.913452     368.542333      0.050113        17.191820      
341             361.698203      6354.043213     368.522437      0.050124        17.241944      
342             361.383985      6372.175293     368.501724      0.050174        17.292118      
343             367.102752      6390.591370     368.497677      0.050166        17.342284      
344             387.331793      6410.002502     368.551946      0.050115        17.392399      
345             386.045323      6429.350708     368.602211      0.050119        17.442518      
346             377.715402      6449.445923     368.629923      0.053202        17.495720      
347             363.695970      6467.672546     368.615831      0.050115        17.545835      
348             360.945675      6485.764587     368.593982      0.050124        17.595959      
349             365.716568      6504.096130     368.585808      0.050125        17.646084      
350             361.929136      6522.235657     368.566955      0.050119        17.696203      
351             381.008298      6541.336365     368.602101      0.050132        17.746335      
352             388.355499      6560.800354     368.657731      0.050119        17.796454      
353             372.137531      6580.250122     368.667921      0.052265        17.848719      
354             365.068933      6598.551758     368.657841      0.050132        17.898851      
355             367.679421      6616.997131     368.655106      0.050167        17.949018      
356             363.397921      6635.210999     368.640467      0.050121        17.999139      
357             361.515925      6653.333069     368.620680      0.050128        18.049267      
358             386.702547      6672.712280     368.670745      0.050114        18.099381      
359             390.942610      6692.305542     368.732247      0.050118        18.149499      
360             367.622993      6711.500977     368.729065      0.052215        18.201714      
361             366.539817      6729.867554     368.723054      0.050108        18.251822      
362             363.898511      6748.107239     368.709841      0.050123        18.301945      
363             361.324959      6766.220459     368.689669      0.050130        18.352075      
364             362.658743      6784.397278     368.673243      0.050121        18.402196      
365             384.624166      6803.670410     368.716559      0.050109        18.452305      
366             393.710548      6823.405151     368.784271      0.050125        18.502430      
367             372.906202      6843.275085     368.796107      0.053284        18.555714      
368             369.261538      6861.774719     368.797360      0.050099        18.605813      
369             364.789929      6880.059814     368.786593      0.050125        18.655938      
370             361.619905      6898.184204     368.767391      0.050120        18.706058      
371             359.796120      6916.215027     368.743421      0.050114        18.756172      
372             392.032988      6935.867249     368.805500      0.050129        18.806301      
373             388.108192      6955.320007     368.856808      0.050122        18.856423      
374             370.026155      6974.298279     368.859980      0.051289        18.907712      
375             361.142438      6992.394043     368.839582      0.050107        18.957819      
376             367.027905      7010.793152     368.834804      0.050130        19.007949      
377             365.222139      7029.098816     368.825303      0.050122        19.058071      
378             359.231281      7047.102051     368.800141      0.050116        19.108187      
379             388.679181      7066.584595     368.852151      0.050125        19.158312      
380             391.595571      7086.211365     368.911495      0.050120        19.208432      
381             373.080695      7105.343689     368.922596      0.051282        19.259714      
382             365.790719      7123.673462     368.914469      0.050110        19.309824      
383             365.331735      7141.984619     368.905193      0.050122        19.359946      
384             364.280987      7160.244568     368.893251      0.050126        19.410072      
385             361.026520      7179.251892     368.871971      0.052648        19.462720      
386             390.832051      7198.860718     368.928436      0.050172        19.512892      
387             388.635793      7218.340698     368.978929      0.050124        19.563016      
388             364.866185      7236.838684     368.968299      0.050698        19.613714      
389             370.857883      7255.421631     368.973114      0.050108        19.663822      
390             362.634887      7273.599792     368.956997      0.050128        19.713950      
391             365.687334      7291.929504     368.948705      0.050124        19.764074      
392             360.592777      7310.553040     368.926926      0.051647        19.815721      
393             391.606033      7330.185425     368.984159      0.050133        19.865854      
394             392.070797      7349.855225     369.042315      0.050169        19.916023      
395             366.661574      7369.173523     369.036033      0.052687        19.968710      
396             366.464241      7387.540344     369.029594      0.050119        20.018829      
397             363.408110      7405.757629     369.015553      0.050129        20.068958      
398             363.266286      7423.964172     369.001231      0.050119        20.119077      
399             361.086804      7442.974670     368.980574      0.052648        20.171725      
400             394.455263      7462.753052     369.043740      0.050141        20.221866      
401             389.148740      7482.259521     369.093453      0.050126        20.271992      
402             348.636487      7500.789551     369.039958      0.053150        20.325142      
403             384.779071      7520.072754     369.078670      0.050115        20.375257      
404             365.867571      7538.412598     369.070789      0.050127        20.425384      
405             362.758068      7556.617249     369.055317      0.050184        20.475568      
406             366.041009      7576.075623     369.047512      0.053159        20.528727      
407             389.468978      7595.598145     369.097255      0.050126        20.578853      
408             386.951831      7616.440918     369.143866      0.053864        20.632717      
409             364.948839      7634.725220     369.133704      0.050101        20.682818      
410             366.031913      7653.069641     369.126206      0.050117        20.732935      
411             364.867618      7671.355347     369.115937      0.050116        20.783051      
412             364.385412      7689.617615     369.104557      0.050118        20.833169      
413             374.244309      7708.912903     369.117245      0.051558        20.884727      
414             392.099770      7728.567688     369.172275      0.050127        20.934854      
415             381.700693      7748.741333     369.203825      0.052852        20.987706      
416             369.486072      7767.257019     369.204497      0.050112        21.037818      
417             361.209792      7785.366272     369.185491      0.050135        21.087953      
418             367.898950      7803.803528     369.182440      0.050115        21.138068      
419             360.570629      7821.876770     369.162068      0.050124        21.188192      
420             372.551362      7841.447266     369.170450      0.052531        21.240723      
421             391.191931      7861.056152     369.222296      0.050126        21.290849      
422             384.331475      7881.759705     369.260428      0.053869        21.344718      
423             368.694190      7900.237183     369.259102      0.050116        21.394834      
424             361.661000      7918.367249     369.241340      0.050130        21.444964      
425             365.898093      7936.713379     369.233542      0.050140        21.495104      
426             362.552018      7954.887024     369.217996      0.050127        21.545231      
427             371.096634      7974.367371     369.222563      0.052494        21.597725      
428             397.274711      7994.300232     369.287580      0.050174        21.647899      
429             374.314334      8014.447327     369.300047      0.053824        21.701723      
430             371.414098      8033.064087     369.304919      0.050124        21.751847      
431             362.122045      8051.220886     369.288400      0.050140        21.801987      
432             365.772545      8069.553772     369.280335      0.050121        21.852108      
433             364.141887      8087.804199     369.268577      0.050119        21.902227      
434             377.811826      8107.640076     369.289007      0.052502        21.954729      
435             392.081215      8127.297852     369.340938      0.050137        22.004866      
436             348.520968      8146.061523     369.290123      0.053838        22.058704      
437             394.864665      8165.851746     369.348099      0.050119        22.108823      
438             368.427209      8184.318054     369.346016      0.050122        22.158945      
439             361.954426      8202.462830     369.329332      0.050130        22.209075      
440             364.274512      8220.718811     369.317951      0.050116        22.259191      
441             385.173671      8240.021790     369.353569      0.050115        22.309306      
442             387.023990      8259.437622     369.393215      0.050167        22.359473      
443             371.980196      8279.244080     369.399361      0.053246        22.412719      
444             363.007980      8297.443848     369.385096      0.050136        22.462855      
445             369.505034      8315.963440     369.385363      0.050120        22.512975      
446             363.908023      8334.201782     369.373196      0.050118        22.563093      
447             364.713097      8352.481567     369.362868      0.050121        22.613214      
448             381.073916      8371.579468     369.388764      0.050116        22.663330      
449             396.180026      8391.440369     369.447896      0.050131        22.713461      
450             372.703493      8410.917480     369.455369      0.052259        22.765720      
451             366.689420      8429.299988     369.449292      0.050131        22.815851      
452             365.477965      8447.621033     369.440585      0.050129        22.865980      
453             364.236092      8465.880188     369.429200      0.050130        22.916110      
454             362.823613      8484.067810     369.414782      0.050128        22.966238      
455             385.106773      8503.368591     369.448951      0.050118        23.016356      
456             389.116778      8522.872681     369.491690      0.050124        23.066480      
457             369.650394      8542.184326     369.492049      0.052243        23.118723      
458             367.049787      8560.585266     369.486764      0.050132        23.168855      
459             365.721487      8578.918884     369.478635      0.050130        23.218985      
460             370.154302      8597.487305     369.480092      0.050164        23.269149      
461             362.696493      8615.666016     369.465511      0.050121        23.319270      
462             384.200785      8634.918701     369.497108      0.050111        23.369381      
463             387.019982      8654.315369     369.534607      0.050118        23.419499      
464             371.341760      8672.965637     369.538475      0.050224        23.469723      
465             368.527819      8691.440674     369.536320      0.050132        23.519855      
466             368.355107      8709.905579     369.533808      0.050128        23.569983      
467             364.368546      8728.168823     369.522847      0.050123        23.620106      
468             366.097693      8746.519104     369.515594      0.050124        23.670230      
469             381.080927      8765.617737     369.540030      0.050117        23.720347      
470             389.512879      8785.139343     369.582141      0.050118        23.770465      
471             353.952778      8803.984497     369.547212      0.053242        23.823707      
472             387.259895      8823.393188     369.584396      0.050118        23.873825      
473             361.065535      8841.497375     369.566542      0.050141        23.923966      
474             363.449397      8859.716003     369.553751      0.050127        23.974093      
475             373.178243      8878.421936     369.561314      0.050126        24.024219      
476             384.431351      8897.685791     369.592265      0.050110        24.074329      
477             388.657766      8917.162598     369.631870      0.050113        24.124442      
478             372.992751      8936.662659     369.639137      0.052280        24.176722      
479             362.748744      8954.849792     369.624878      0.050137        24.226859      
480             366.895207      8973.241882     369.619241      0.050129        24.276988      
481             365.467007      8991.562378     369.610685      0.050129        24.327117      
482             359.839437      9009.600769     369.590592      0.050129        24.377246      
483             394.270279      9029.360413     369.641226      0.050117        24.427363      
484             385.661822      9048.691711     369.674033      0.050125        24.477488      
485             374.227111      9067.862244     369.683542      0.051227        24.528715      
486             360.249574      9085.913269     369.664310      0.050107        24.578822      
487             362.949852      9104.105042     369.650645      0.050122        24.628944      
488             369.829892      9122.642395     369.651009      0.050124        24.679068      
489             370.026471      9141.204773     369.651771      0.050165        24.729233      
490             385.827641      9160.539368     369.684484      0.050112        24.779345      
491             388.391038      9180.007080     369.722247      0.050124        24.829469      
492             372.434771      9199.466797     369.727944      0.052250        24.881719      
493             365.481603      9217.787659     369.719406      0.050128        24.931847      
494             361.133603      9235.890564     369.702178      0.050128        24.981975      
495             371.764237      9254.526733     369.706307      0.050129        25.032104      
496             361.187243      9272.672058     369.689244      0.050238        25.082342      
497             390.272769      9292.229797     369.730287      0.050113        25.132455      
498             392.137300      9311.882935     369.774881      0.050118        25.182573      
499             367.913090      9331.434204     369.770960      0.053141        25.235714      
500             364.795312      9349.710449     369.761102      0.050100        25.285814      
501             363.113751      9367.907532     369.747954      0.050114        25.335928      
502             367.976895      9386.348694     369.744457      0.050115        25.386043      
503             357.430907      9404.260986     369.720197      0.050114        25.436157      
504             399.492765      9424.279968     369.778736      0.050111        25.486268      
505             391.798664      9443.913391     369.821947      0.050111        25.536379      
506             365.599801      9462.681091     369.813476      0.051334        25.587713      
507             373.289296      9481.385498     369.820269      0.050107        25.637820      
508             365.946700      9499.728210     369.812711      0.050124        25.687944      
509             365.554567      9518.050171     369.804419      0.050121        25.738065      
510             346.518460      9535.486633     369.758983      0.050319        25.788384      
511             397.130383      9555.390808     369.812076      0.050120        25.838504      
512             390.434619      9574.967590     369.852018      0.050141        25.888645      
513             374.015727      9594.815857     369.860535      0.053068        25.941713      
514             366.388652      9613.187683     369.853837      0.050143        25.991856      
515             363.214339      9631.394165     369.841058      0.050126        26.041982      
516             364.971113      9649.684692     369.831704      0.050115        26.092097      
517             361.455975      9668.707397     369.814844      0.052628        26.144725      
518             392.062768      9688.363464     369.857425      0.050135        26.194860      
519             394.376139      9708.132751     369.904256      0.050128        26.244988      
520             370.468924      9726.926270     369.905345      0.050729        26.295717      
521             364.489939      9745.191589     369.895044      0.050112        26.345829      
522             363.322420      9763.401672     369.882564      0.050121        26.395950      
523             363.132081      9781.600037     369.869772      0.050115        26.446065      
524             336.566038      9799.654785     369.802355      0.053644        26.499709      
525             418.049115      9820.609497     369.893443      0.050125        26.549834      
526             388.601251      9840.088135     369.928696      0.050125        26.599959      
527             372.015411      9859.913208     369.932868      0.053291        26.653250      
528             367.124328      9878.312378     369.927597      0.050117        26.703367      
529             367.272651      9896.723389     369.922622      0.050129        26.753496      
530             366.381400      9915.089355     369.915999      0.050128        26.803624      
531             358.457768      9933.406189     369.894197      0.051099        26.854723      
532             402.037350      9953.563538     369.954096      0.050138        26.904861      
533             379.754558      9973.256470     369.972950      0.051857        26.956718      
534             378.517837      9992.225891     369.988806      0.050115        27.006833      
535             365.932044      10010.564941    369.981292      0.050116        27.056949      
536             363.337148      10028.776489    369.969006      0.050123        27.107072      
537             366.918369      10047.169006    369.963375      0.050127        27.157199      
538             366.840693      10066.439148    369.957347      0.052530        27.209729      
539             389.704537      10085.980103    369.993671      0.050143        27.259872      
540             386.193806      10106.003479    370.024425      0.051848        27.311720      
541             369.445814      10124.517517    370.023365      0.050113        27.361833      
542             364.669412      10142.796936    370.013575      0.050126        27.411959      
543             371.080842      10161.395508    370.015522      0.050120        27.462079      
544             360.745648      10179.476440    369.998635      0.050121        27.512200      
545             365.426918      10197.939270    369.990255      0.050524        27.562724      
546             395.448556      10217.767456    370.036483      0.050141        27.612865      
547             390.885950      10237.643616    370.074807      0.050849        27.663714      
548             368.291280      10256.099060    370.071582      0.050111        27.713825      
549             359.637883      10274.125549    370.052745      0.050124        27.763949      
550             364.669166      10292.402039    370.043045      0.050118        27.814067      
551             371.040655      10310.998596    370.044839      0.050120        27.864187      
552             363.506211      10329.734070    370.032767      0.051541        27.915728      
553             401.225881      10349.853943    370.088700      0.050146        27.965874      
554             380.019824      10369.178711    370.106725      0.050852        28.016726      
555             372.206908      10387.831116    370.110475      0.050113        28.066839      
556             362.832994      10406.050049    370.097479      0.050213        28.117052      
557             366.884370      10424.438293    370.091761      0.050120        28.167172      
558             366.559188      10442.812073    370.085486      0.050125        28.217297      
559             367.602831      10461.349548    370.081057      0.050428        28.267725      
560             394.370710      10481.124084    370.124066      0.050142        28.317867      
561             381.644568      10501.674500    370.145931      0.053847        28.371714      
562             371.310398      10520.277893    370.147984      0.050102        28.421816      
563             367.018068      10538.678711    370.142473      0.050136        28.471952      
564             364.795820      10556.961548    370.133078      0.050118        28.522070      
565             371.221604      10575.569031    370.134987      0.050125        28.572195      
566             366.203966      10594.806824    370.127773      0.052533        28.624728      
567             394.553210      10614.589722    370.170482      0.050140        28.674868      
568             380.204071      10634.304443    370.188594      0.051853        28.726721      
569             367.642790      10652.734009    370.184159      0.050129        28.776850      
570             368.366065      10671.199463    370.180997      0.050128        28.826978      
571             364.631508      10689.475159    370.171365      0.050121        28.877099      
572             361.797540      10707.612793    370.156853      0.050132        28.927231      
573             381.861798      10727.274475    370.177650      0.051489        28.978720      
574             391.462372      10746.899658    370.214409      0.050133        29.028853      
575             384.664823      10767.619629    370.241173      0.053865        29.082718      
576             365.873572      10785.955017    370.233660      0.050114        29.132832      
577             368.967607      10804.450256    370.231485      0.050127        29.182959      
578             362.140141      10822.601807    370.217612      0.050123        29.233082      
579             372.190026      10841.260437    370.220989      0.050132        29.283214      
580             366.154053      10860.118103    370.213848      0.051502        29.334716      
581             399.299808      10880.131409    370.263460      0.050121        29.384837      
582             375.670210      10899.998352    370.273173      0.052884        29.437721      
583             367.941300      10918.440674    370.269209      0.050123        29.487844      
584             366.549406      10936.816162    370.262896      0.050131        29.537975      
585             373.363609      10955.530640    370.268149      0.050124        29.588099      
586             360.742558      10973.609253    370.252042      0.050115        29.638214      
587             377.420050      10993.050537    370.264478      0.051511        29.689725      
588             392.017160      11012.701965    370.301144      0.050129        29.739854      
589             385.115351      11032.678284    370.326938      0.051871        29.791725      
590             366.031927      11051.024170    370.319724      0.050121        29.841846      
591             367.734381      11069.455017    370.315389      0.050120        29.891966      
592             368.908893      11087.949158    370.313034      0.050132        29.942098      
593             365.090423      11106.244934    370.304308      0.050113        29.992211      
594             374.844200      11126.300598    370.312392      0.053504        30.045715      
595             396.255323      11146.157349    370.355588      0.050111        30.095826      
596             376.479920      11166.446228    370.366535      0.053891        30.149717      
597             369.177214      11184.950867    370.364561      0.050124        30.199841      
598             364.234756      11203.208862    370.354404      0.050127        30.249968      
599             364.374882      11221.487000    370.344504      0.050163        30.300131      
600             368.286673      11239.950684    370.341105      0.050134        30.350265      
601             381.348856      11259.351807    370.359526      0.050875        30.401140      
602             391.095821      11278.962524    370.393672      0.050143        30.451283      
603             380.354891      11298.906433    370.410795      0.052435        30.503718      
604             365.021475      11317.206055    370.401952      0.050133        30.553851      
605             363.173914      11335.409058    370.390114      0.050122        30.603973      
606             367.082886      11353.806885    370.384707      0.050119        30.654092      
607             369.920223      11372.347656    370.383949      0.050121        30.704213      
608             385.370589      11391.660889    370.408370      0.050116        30.754329      
609             388.726918      11411.150879    370.438186      0.050138        30.804467      
610             373.502361      11430.669739    370.443376      0.052259        30.856726      
611             370.094030      11449.226624    370.442809      0.050141        30.906867      
612             372.070429      11467.876282    370.445444      0.050124        30.956991      
613             360.602947      11485.949341    370.429535      0.050119        31.007110      
614             370.678648      11504.524048    370.429937      0.050110        31.057220      
615             386.804823      11523.910706    370.456320      0.050120        31.107340      
616             390.414660      11543.486877    370.488439      0.050142        31.157482      
617             374.230257      11563.037415    370.494703      0.052242        31.209724      
618             366.420333      11581.407898    370.488168      0.050135        31.259859      
619             369.255024      11599.917175    370.486194      0.050126        31.309985      
620             367.017108      11618.312073    370.480650      0.050120        31.360105      
621             374.046853      11637.063416    370.486341      0.050131        31.410236      
622             377.998070      11656.008301    370.498308      0.050119        31.460355      
623             396.118980      11675.860596    370.539057      0.050117        31.510472      
624             350.292611      11694.508423    370.504910      0.053235        31.563707      
625             389.541462      11714.033020    370.535091      0.050122        31.613829      
626             365.051934      11732.334534    370.526410      0.050134        31.663963      
627             366.749154      11750.717468    370.520440      0.050124        31.714087      
628             370.666441      11769.296753    370.520670      0.050124        31.764211      
629             389.966589      11788.839539    370.551302      0.050114        31.814325      
630             386.874668      11808.228149    370.576975      0.050116        31.864441      
631             356.223658      11827.202759    370.553021      0.053266        31.917707      
632             386.947740      11846.595032    370.578723      0.050116        31.967823      
633             365.159027      11864.901184    370.570237      0.050132        32.017955      
634             369.791712      11883.432556    370.569021      0.050113        32.068068      
635             366.254779      11901.788513    370.562289      0.050118        32.118186      
636             391.059069      11921.386047    370.594220      0.050114        32.168300      
637             388.738658      11940.869629    370.622446      0.050120        32.218420      
638             348.996011      11959.465881    370.586738      0.053285        32.271705      
639             391.850893      11979.096436    370.619696      0.050097        32.321802      
640             362.662325      11997.273071    370.607376      0.050120        32.371922      
641             375.849477      12016.111023    370.615480      0.050121        32.422043      
642             357.865061      12034.059387    370.595787      0.050154        32.472197      
643             399.742349      12054.099670    370.640716      0.050133        32.522330      
644             395.964282      12073.943420    370.679678      0.050115        32.572445      
645             363.313345      12092.570496    370.668101      0.051270        32.623715      
646             369.428956      12111.082581    370.666201      0.050110        32.673825      
647             366.601783      12129.459595    370.659975      0.050128        32.723953      
648             372.259653      12148.117249    370.662421      0.050120        32.774073      
649             355.462164      12165.931946    370.639213      0.050117        32.824190      
650             401.026423      12186.035400    370.685550      0.050130        32.874320      
651             389.030777      12205.534790    370.713478      0.050123        32.924443      
652             369.472136      12224.108154    370.711586      0.050270        32.974713      
653             366.390008      12242.465759    370.705029      0.050104        33.024817      
654             372.216312      12261.123474    370.707320      0.050126        33.074943      
655             365.840673      12279.456482    370.699958      0.050112        33.125055      
656             361.692341      12297.581970    370.686351      0.050113        33.175168      
657             395.993541      12317.427979    370.724524      0.050117        33.225285      
658             393.199106      12337.133545    370.758373      0.050116        33.275401      
659             372.577334      12355.879028    370.761119      0.050313        33.325714      
660             362.286074      12374.031372    370.748396      0.050105        33.375819      
661             376.444749      12392.901794    370.756939      0.050128        33.425947      
662             367.445841      12411.317078    370.751982      0.050117        33.476064      
663             357.709612      12429.245483    370.732484      0.050120        33.526184      
664             396.762613      12449.131226    370.771340      0.050120        33.576304      
665             395.112138      12468.937012    370.807625      0.050127        33.626431      
666             349.938715      12487.578247    370.774617      0.053270        33.679701      
667             387.182141      12506.977234    370.798989      0.050103        33.729804      
668             368.921338      12525.470154    370.796203      0.050127        33.779931      
669             371.981472      12544.111633    370.797959      0.050114        33.830045      
670             358.274363      12562.985168    370.778488      0.052679        33.882724      
671             394.618691      12582.768982    370.813710      0.050134        33.932858      
672             393.178459      12602.480591    370.846704      0.050134        33.982992      
673             374.540214      12622.600891    370.852534      0.053720        34.036712      
674             356.576885      12640.465393    370.831552      0.050100        34.086812      
675             373.278743      12659.177856    370.835146      0.050130        34.136942      
676             370.719161      12677.758301    370.834976      0.050120        34.187062      
677             366.377814      12697.054688    370.828119      0.052668        34.239730      
678             390.000322      12716.610474    370.856156      0.050143        34.289873      
679             396.832638      12736.499329    370.894068      0.050119        34.339992      
680             370.032303      12756.398926    370.892721      0.053778        34.393770      
681             365.924713      12774.736145    370.885493      0.050112        34.443882      
682             368.290907      12793.194885    370.881723      0.050120        34.494002      
683             366.158580      12811.549316    370.874869      0.050127        34.544129      
684             371.747579      12831.474243    370.876221      0.053598        34.597727      
685             393.432396      12851.191895    370.908848      0.050117        34.647844      
686             361.429710      12870.657776    370.894136      0.053858        34.701702      
687             399.837955      12890.690857    370.935865      0.050103        34.751805      
688             367.528208      12909.116516    370.930956      0.050134        34.801939      
689             370.843467      12927.702820    370.930831      0.050119        34.852058      
690             373.680356      12946.432800    370.934779      0.050123        34.902181      
691             363.188642      12964.791260    370.923577      0.050548        34.952729      
692             398.390500      12984.769348    370.962927      0.050147        35.002876      
693             382.722773      13004.609314    370.980318      0.051839        35.054715      
694             373.005072      13023.300598    370.983208      0.050110        35.104825      
695             366.438349      13041.691772    370.976720      0.050189        35.155014      
696             365.678746      13060.018860    370.969177      0.050118        35.205132      
697             368.258958      13078.478577    370.965324      0.050127        35.255259      
698             297.953721      13093.445984    370.861440      0.050234        35.305493      
699             82.462650       13097.592041    370.451320      0.050278        35.355771      
