1               254.346908      13.719727       254.346908      0.053941        0.053941       
2               440.127194      35.781982       343.832710      0.050127        0.104068       
3               419.067393      56.782288       368.285689      0.050112        0.154180       
4               376.874674      75.669739       370.392660      0.050116        0.204296       
5               383.361161      94.875366       372.946556      0.050098        0.254394       
6               379.351703      113.874817      374.000147      0.050084        0.304478       
7               378.062093      132.808167      374.573882      0.050080        0.354558       
8               385.496102      152.114197      375.925694      0.050081        0.404639       
9               340.728738      169.177551      372.049383      0.050079        0.454718       
10              412.288014      189.826172      376.041592      0.050083        0.504801       
11              406.876258      210.200500      378.824279      0.050075        0.554876       
12              386.688916      229.553894      379.474966      0.050049        0.604925       
13              382.129125      248.689392      379.677882      0.050076        0.655001       
14              379.224864      267.679077      379.645708      0.050075        0.705076       
15              380.969074      286.756104      379.733462      0.050075        0.755151       
16              382.620086      305.915039      379.912967      0.050073        0.805224       
17              402.401768      326.065308      381.229614      0.050075        0.855299       
18              406.311919      346.411377      382.616882      0.050075        0.905374       
19              393.028621      366.092285      383.162560      0.050075        0.955449       
20              374.494411      384.845093      382.730887      0.050075        1.005524       
21              389.912230      404.370728      383.071565      0.050077        1.055601       
22              376.524850      423.225586      382.775065      0.050076        1.105677       
23              386.849750      442.596313      382.951602      0.050073        1.155750       
24              387.702997      462.009766      383.148908      0.050073        1.205823       
25              415.500032      482.816345      384.438832      0.050076        1.255899       
26              394.719632      502.562195      384.832651      0.050025        1.305924       
27              379.876962      521.584534      384.649645      0.050075        1.355999       
28              382.640151      540.745239      384.578080      0.050075        1.406074       
29              387.783015      560.163086      384.688291      0.050074        1.456148       
30              380.487618      579.216003      384.548638      0.050075        1.506223       
31              382.201676      598.354370      384.473124      0.050074        1.556297       
32              413.555020      619.063965      385.379722      0.050077        1.606374       
33              402.951481      639.241760      385.910922      0.050075        1.656449       
34              384.511977      658.496582      385.869871      0.050076        1.706525       
35              383.335787      677.692505      385.797631      0.050076        1.756601       
36              381.986245      696.819702      385.691997      0.050073        1.806674       
37              383.876443      716.041931      385.643033      0.050074        1.856748       
38              367.399340      734.439453      385.163937      0.050075        1.906823       
39              407.319505      754.836792      385.730897      0.050077        1.956900       
40              408.046709      775.249329      386.287145      0.050025        2.006925       
41              383.602191      794.457825      386.221785      0.050074        2.056999       
42              383.641370      813.669434      386.160458      0.050077        2.107076       
43              380.561396      832.726807      386.030479      0.050077        2.157153       
44              379.889174      851.768372      385.891019      0.050124        2.207277       
45              378.614208      870.727478      385.729597      0.050075        2.257352       
46              408.523706      891.185120      386.224287      0.050077        2.307429       
47              415.349400      911.982910      386.842900      0.050073        2.357502       
48              386.787982      931.351318      386.841758      0.050075        2.407577       
49              383.114293      950.535767      386.765810      0.050075        2.457652       
50              389.047013      970.016907      386.811361      0.050074        2.507726       
51              383.006484      989.195190      386.736874      0.050073        2.557799       
52              375.456657      1007.995056     386.520290      0.050072        2.607871       
53              405.088627      1028.271362     386.869969      0.050054        2.657925       
54              408.332813      1048.718628     387.266849      0.050075        2.708000       
55              388.502165      1068.172485     387.289277      0.050074        2.758074       
56              387.785379      1087.591614     387.298124      0.050077        2.808151       
57              384.222610      1106.831177     387.244243      0.050074        2.858225       
58              380.972101      1125.907593     387.136254      0.050073        2.908298       
59              381.319494      1145.001404     387.037800      0.050073        2.958371       
60              396.683416      1164.864929     387.198346      0.050074        3.008445       
61              416.922430      1185.742737     387.685007      0.050076        3.058521       
62              384.545252      1204.998840     387.634431      0.050075        3.108596       
63              392.461844      1224.651367     387.710960      0.050075        3.158671       
64              377.545254      1243.556946     387.552317      0.050075        3.208746       
65              390.129659      1263.093079     387.591921      0.050076        3.258822       
66              384.175073      1282.330261     387.540213      0.050074        3.308896       
67              393.244278      1302.004272     387.625173      0.050030        3.358926       
68              406.313974      1322.351257     387.899705      0.050077        3.409003       
69              395.835063      1342.172302     388.014578      0.050074        3.459077       
70              383.685076      1361.384949     387.952798      0.050074        3.509151       
71              382.607569      1380.543640     387.877597      0.050074        3.559225       
72              384.433607      1399.794922     387.829814      0.050077        3.609302       
73              382.747742      1418.960632     387.760272      0.050074        3.659376       
74              395.572999      1438.768555     387.865736      0.050074        3.709450       
75              393.025796      1458.450500     387.934470      0.050078        3.759528       
76              373.758361      1477.166077     387.748137      0.050074        3.809602       
77              362.328899      1495.310059     387.418344      0.050076        3.859678       
78              386.344312      1514.656250     387.404588      0.050075        3.909753       
79              386.380062      1534.003845     387.391632      0.050074        3.959827       
80              377.447744      1552.904541     387.267455      0.050075        4.009902       
81              388.079461      1572.339172     387.277471      0.050079        4.059981       
82              412.930695      1593.017090     387.590024      0.050076        4.110057       
83              387.286546      1612.409302     387.586371      0.050072        4.160129       
84              375.260902      1631.200867     387.439772      0.050076        4.210205       
85              378.323380      1650.144653     387.332623      0.050073        4.260278       
86              386.814401      1669.513611     387.326603      0.050073        4.310351       
87              376.418386      1688.372925     387.201267      0.050102        4.360453       
88              382.549388      1707.528320     387.148454      0.050073        4.410526       
89              407.752189      1727.947327     387.379762      0.050077        4.460603       
90              384.885319      1747.220459     387.352070      0.050075        4.510678       
91              341.125993      1764.302002     386.844538      0.050074        4.560752       
92              377.806618      1783.221802     386.746378      0.050078        4.610830       
93              390.309311      1802.766541     386.784657      0.050075        4.660905       
94              383.949223      1821.992798     386.754518      0.050075        4.710980       
95              386.676254      1841.355225     386.753695      0.050074        4.761054       
96              402.223313      1861.496155     386.914702      0.050074        4.811128       
97              406.432172      1881.847839     387.115746      0.050074        4.861202       
98              371.542509      1900.452087     386.956969      0.050073        4.911275       
99              384.520875      1919.706970     386.932381      0.050075        4.961350       
100             381.211929      1938.795776     386.875223      0.050074        5.011424       
101             389.109177      1958.280029     386.897324      0.050074        5.061498       
102             384.847906      1977.550903     386.877247      0.050074        5.111572       
103             390.632801      1997.111450     386.913680      0.050074        5.161646       
104             395.171465      2016.900452     386.993025      0.050077        5.211723       
105             340.550479      2033.953857     386.551037      0.050076        5.261799       
106             359.109915      2051.936646     386.292344      0.050076        5.311875       
107             382.427631      2071.077148     386.256270      0.050050        5.361925       
108             386.185858      2090.415405     386.255618      0.050075        5.412000       
109             383.095673      2109.599304     386.226648      0.050076        5.462076       
110             391.306134      2129.193176     386.272791      0.050073        5.512149       
111             404.328202      2149.441528     386.435351      0.050079        5.562228       
112             404.369338      2169.689514     386.595358      0.050073        5.612301       
113             379.621681      2188.699829     386.533684      0.050077        5.662378       
114             382.630400      2207.860046     386.499468      0.050075        5.712453       
115             389.002222      2227.339722     386.521217      0.050076        5.762529       
116             375.884314      2246.161377     386.429585      0.050073        5.812602       
117             392.479603      2265.815186     386.481261      0.050076        5.862678       
118             397.098415      2285.701477     386.571184      0.050079        5.912757       
119             365.552824      2304.008728     386.394654      0.050081        5.962838       
120             345.872792      2321.330383     386.057152      0.050081        6.012919       
121             379.500330      2340.333862     386.002998      0.050075        6.062994       
122             387.251155      2359.725464     386.013222      0.050075        6.113069       
123             378.074246      2378.657532     385.948719      0.050075        6.163144       
124             380.132926      2397.692688     385.901847      0.050075        6.213219       
125             414.505503      2418.451538     386.130560      0.050081        6.263300       
126             407.179741      2438.842285     386.297523      0.050078        6.313378       
127             383.903965      2458.065125     386.278689      0.050072        6.363450       
128             386.632773      2477.427307     386.281454      0.050079        6.413529       
129             375.818109      2496.246399     386.200392      0.050075        6.463604       
130             381.285754      2515.347290     386.162594      0.050096        6.513700       
131             381.165288      2534.432617     386.124473      0.050071        6.563771       
132             413.106581      2555.118103     386.328753      0.050073        6.613844       
133             377.236879      2574.008240     386.260433      0.050075        6.663919       
134             348.520895      2591.461121     385.978949      0.050077        6.713996       
135             361.175967      2609.547729     385.795323      0.050077        6.764073       
136             384.532942      2628.802063     385.786047      0.050072        6.814145       
137             378.383840      2647.749634     385.732047      0.050075        6.864220       
138             387.416177      2667.780212     385.744638      0.051703        6.915923       
139             399.954268      2687.807922     385.846784      0.050075        6.965998       
140             404.474310      2708.062378     385.979734      0.050076        7.016074       
141             391.595731      2727.671143     386.019532      0.050074        7.066148       
142             394.932575      2747.448181     386.082253      0.050077        7.116225       
143             374.773533      2766.214966     386.003233      0.050075        7.166300       
144             393.701989      2785.929199     386.056654      0.050074        7.216374       
145             382.413440      2805.078552     386.031547      0.050075        7.266449       
146             391.201029      2824.668335     386.066929      0.050076        7.316525       
147             373.506831      2843.372437     385.981547      0.050077        7.366602       
148             353.032726      2861.050903     385.759083      0.050076        7.416678       
149             367.699184      2879.463440     385.637966      0.050075        7.466753       
150             379.280932      2898.455933     385.595617      0.050075        7.516828       
151             390.202748      2917.993774     385.626103      0.050071        7.566899       
152             380.492857      2937.048096     385.592355      0.050078        7.616977       
153             378.686370      2956.010437     385.547251      0.050074        7.667051       
154             412.968401      2976.691895     385.725199      0.050080        7.717131       
155             406.776310      2997.061218     385.860916      0.050075        7.767206       
156             388.219720      3016.501709     385.876026      0.050076        7.817282       
157             376.444406      3035.352539     385.815993      0.050076        7.867358       
158             392.141280      3054.989014     385.855998      0.050075        7.917433       
159             382.622196      3074.148438     385.835675      0.050074        7.967507       
160             381.404515      3093.246887     385.808000      0.050074        8.017581       
161             391.271940      3112.841003     385.841916      0.050078        8.067659       
162             367.065437      3131.220337     385.726100      0.050071        8.117730       
163             348.684387      3148.680359     385.499010      0.050074        8.167804       
164             379.563863      3167.688538     385.462842      0.050079        8.217883       
165             378.680682      3186.638855     385.421792      0.050043        8.267926       
166             390.363907      3206.185547     385.451543      0.050073        8.317999       
167             355.763753      3224.000061     385.273893      0.050074        8.368073       
168             422.976205      3245.179749     385.498155      0.050073        8.418146       
169             410.527339      3265.736084     385.646153      0.050073        8.468219       
170             393.577535      3285.443298     385.692776      0.050072        8.518291       
171             376.219119      3304.282471     385.637410      0.050075        8.568366       
172             392.671364      3323.953735     385.678296      0.050096        8.618462       
173             382.565234      3343.109924     385.660313      0.050073        8.668535       
174             384.086094      3362.342651     385.651272      0.050074        8.718609       
175             400.446693      3382.395020     385.735764      0.050075        8.768684       
176             379.821165      3401.414185     385.702180      0.050074        8.818758       
177             345.946330      3418.737793     385.477707      0.050076        8.868834       
178             356.931351      3436.612915     385.317418      0.050080        8.918914       
179             385.937601      3455.938354     385.320881      0.050074        8.968988       
180             380.750257      3475.003662     385.295505      0.050073        9.019061       
181             383.465674      3494.205322     385.285402      0.050074        9.069135       
182             400.590366      3514.265686     385.369447      0.050077        9.119212       
183             396.150206      3534.104492     385.428327      0.050079        9.169291       
184             405.216929      3554.395325     385.535807      0.050074        9.219365       
185             383.951660      3573.621704     385.527249      0.050075        9.269440       
186             387.624130      3593.031982     385.538516      0.050075        9.319515       
187             385.814884      3612.350891     385.539993      0.050073        9.369588       
188             385.933945      3631.676147     385.542087      0.050074        9.419662       
189             380.938602      3650.751648     385.517744      0.050075        9.469737       
190             391.572272      3670.360413     385.549593      0.050077        9.519814       
191             357.547175      3688.264587     385.403069      0.050075        9.569889       
192             346.516039      3705.603210     385.200802      0.050037        9.619926       
193             386.638871      3724.964539     385.208249      0.050076        9.670002       
194             386.974470      3744.342285     385.217348      0.050075        9.720077       
195             384.251864      3763.583313     385.212400      0.050074        9.770151       
196             380.589072      3782.640930     385.188825      0.050074        9.820225       
197             405.765931      3802.960876     385.293225      0.050078        9.870303       
198             402.718915      3823.126221     385.381181      0.050073        9.920376       
199             390.162568      3842.664001     385.405195      0.050076        9.970452       
200             388.693404      3862.128601     385.421628      0.050077        10.020529      
201             383.995540      3881.357178     385.414537      0.050075        10.070604      
202             381.718991      3900.471375     385.396253      0.050074        10.120678      
203             354.303749      3918.213135     385.243171      0.050075        10.170753      
204             433.357288      3939.914368     385.478906      0.050077        10.220830      
205             375.361492      3959.092712     385.428582      0.051093        10.271923      
206             338.041615      3976.019470     385.198703      0.050073        10.321996      
207             368.080617      3994.451843     385.116056      0.050077        10.372073      
208             383.211264      4013.640381     385.106904      0.050073        10.422146      
209             383.585473      4032.847656     385.099629      0.050073        10.472219      
210             386.640090      4052.209045     385.106961      0.050076        10.522295      
211             406.103913      4072.545105     385.206413      0.050076        10.572371      
212             406.676362      4092.909424     385.307623      0.050075        10.622446      
213             389.864148      4112.431091     385.329002      0.050073        10.672519      
214             383.073942      4131.615051     385.318470      0.050079        10.722598      
215             381.759410      4150.738525     385.301920      0.050093        10.772691      
216             384.470901      4169.990906     385.298075      0.050075        10.822766      
217             391.672724      4189.604309     385.327434      0.050076        10.872842      
218             383.922919      4208.830017     385.320995      0.050077        10.922919      
219             377.199654      4227.719421     385.283931      0.050078        10.972997      
220             350.081245      4245.249390     385.124018      0.050074        11.023071      
221             370.951047      4263.825134     385.059923      0.050076        11.073147      
222             386.512111      4283.180115     385.066461      0.050076        11.123223      
223             384.242971      4302.421082     385.062770      0.050075        11.173298      
224             382.478041      4321.573669     385.051238      0.050075        11.223373      
225             390.307355      4341.117920     385.074585      0.050074        11.273447      
226             412.019603      4361.751038     385.193748      0.050078        11.323525      
227             391.036752      4381.331421     385.219472      0.050073        11.373598      
228             384.367297      4400.578613     385.215737      0.050075        11.423673      
229             393.358125      4420.274841     385.251271      0.050072        11.473745      
230             376.450500      4439.125977     385.213028      0.050076        11.523821      
231             383.731744      4458.340576     385.206619      0.050073        11.573894      
232             381.697852      4477.437683     385.191516      0.050032        11.623926      
233             400.854687      4497.512085     385.258708      0.050079        11.674005      
234             352.342303      4515.155273     385.118121      0.050074        11.724079      
235             355.311977      4532.947876     384.991354      0.050076        11.774155      
236             376.991670      4551.826111     384.957475      0.050076        11.824231      
237             385.532541      4571.131653     384.959900      0.050075        11.874306      
238             382.556049      4590.288147     384.949806      0.050075        11.924381      
239             356.649056      4608.147705     384.831455      0.050076        11.974457      
240             437.679245      4630.065369     385.051543      0.050077        12.024534      
241             408.117072      4650.501831     385.147199      0.050075        12.074609      
242             388.930453      4669.976746     385.162823      0.050073        12.124682      
243             378.075228      4688.909241     385.133671      0.050076        12.174758      
244             392.773876      4708.577393     385.164966      0.050075        12.224833      
245             377.717116      4727.491577     385.134583      0.050075        12.274908      
246             378.318532      4747.926453     385.104721      0.054015        12.328923      
247             401.757185      4768.043640     385.172080      0.050073        12.378996      
248             377.207626      4786.932312     385.139993      0.050075        12.429071      
249             336.984174      4803.806458     384.946762      0.050074        12.479145      
250             358.044802      4821.736267     384.839240      0.050077        12.529222      
251             391.777347      4841.354126     384.866858      0.050074        12.579296      
252             378.382864      4860.301270     384.841150      0.050074        12.629370      
253             385.289147      4879.594238     384.842919      0.050074        12.679444      
254             393.430175      4899.294861     384.876698      0.050074        12.729518      
255             418.447036      4920.248596     385.008239      0.050075        12.779593      
256             388.185251      4939.686584     385.020639      0.050074        12.829667      
257             392.459577      4959.339783     385.049562      0.050077        12.879744      
258             380.778277      4978.414490     385.033014      0.050094        12.929838      
259             382.731136      4997.581665     385.024132      0.050080        12.979918      
260             386.882661      5016.954041     385.031274      0.050073        13.029991      
261             393.113405      5036.639587     385.062216      0.050076        13.080067      
262             394.981328      5056.419067     385.100047      0.050077        13.130144      
263             355.278849      5074.209656     384.986748      0.050075        13.180219      
264             357.274326      5092.100525     384.881858      0.050076        13.230295      
265             369.867635      5110.621277     384.825247      0.050074        13.280369      
266             389.279823      5130.114075     384.841980      0.050074        13.330443      
267             382.895562      5149.286804     384.834696      0.050073        13.380516      
268             385.343615      5168.582886     384.836593      0.050075        13.430591      
269             411.387630      5189.183533     384.935221      0.050076        13.480667      
270             398.871907      5209.157043     384.986798      0.050075        13.530742      
271             393.803274      5228.877136     385.019307      0.050076        13.580818      
272             381.195485      5247.965881     385.005259      0.050076        13.630894      
273             387.192802      5267.337524     385.013259      0.050031        13.680925      
274             382.235485      5286.477966     385.003129      0.050075        13.731000      
275             381.146731      5305.564270     384.989116      0.050076        13.781076      
276             389.884471      5325.089294     385.006841      0.050079        13.831155      
277             366.770390      5343.455688     384.941054      0.050076        13.881231      
278             349.260926      5360.944580     384.812807      0.050074        13.931305      
279             384.856066      5380.216248     384.812962      0.050075        13.981380      
280             383.960547      5399.442688     384.809920      0.050074        14.031454      
281             383.098448      5418.626343     384.803834      0.050075        14.081529      
282             381.425541      5437.725464     384.791863      0.050073        14.131602      
283             412.661965      5458.389099     384.890270      0.050074        14.181676      
284             401.575371      5478.497986     384.948977      0.050075        14.231751      
285             393.155922      5498.184875     384.977751      0.050074        14.281825      
286             375.103315      5516.969299     384.943249      0.050078        14.331903      
287             386.457673      5536.322327     384.948522      0.050078        14.381981      
288             381.739403      5555.437927     384.937387      0.050075        14.432056      
289             391.987891      5575.067505     384.961767      0.050077        14.482133      
290             390.180589      5594.605408     384.979749      0.050074        14.532207      
291             370.687775      5613.167969     384.930670      0.050076        14.582283      
292             355.435439      5630.965332     384.829737      0.050072        14.632355      
293             360.238689      5649.005005     384.745865      0.050077        14.682432      
294             387.399434      5668.404419     384.754885      0.050076        14.732508      
295             383.662962      5687.614807     384.751186      0.050071        14.782579      
296             390.125739      5707.149963     384.769330      0.050074        14.832653      
297             389.165246      5726.637024     384.784121      0.050074        14.882727      
298             408.255564      5747.081238     384.862832      0.050077        14.932804      
299             402.566550      5767.238953     384.921998      0.050073        14.982877      
300             387.899887      5786.652954     384.931912      0.050049        15.032926      
301             374.056678      5805.384216     384.895806      0.050076        15.083002      
302             389.867606      5824.907227     384.912258      0.050076        15.133078      
303             382.116670      5844.040955     384.903039      0.050073        15.183151      
304             380.300849      5863.084900     384.887910      0.050076        15.233227      
305             398.874740      5883.060547     384.933742      0.050080        15.283307      
306             351.011569      5900.637451     384.822960      0.050075        15.333382      
307             356.193005      5918.473816     384.729766      0.050075        15.383457      
308             377.474016      5937.374695     384.706226      0.050072        15.433529      
309             393.480824      5957.078247     384.734604      0.050075        15.483604      
310             377.755362      5975.993591     384.712106      0.050073        15.533677      
311             378.365557      5994.940247     384.691713      0.050075        15.583752      
312             417.288284      6015.836792     384.796123      0.050077        15.633829      
313             407.219581      6036.227905     384.867715      0.050074        15.683903      
314             390.839030      6055.799561     384.886719      0.050076        15.733979      
315             374.991361      6074.578003     384.855325      0.050077        15.784056      
316             391.208841      6094.167786     384.875418      0.050075        15.834131      
317             374.708933      6112.931335     384.843368      0.050075        15.884206      
318             388.214066      6132.371155     384.853961      0.050075        15.934281      
319             390.015294      6151.900391     384.870129      0.050073        15.984354      
320             370.170983      6170.437073     384.824223      0.050076        16.034430      
321             346.459896      6187.785706     384.704788      0.050074        16.084504      
322             375.482733      6206.588379     384.676166      0.050076        16.134580      
323             390.846343      6226.160400     384.695257      0.050076        16.184656      
324             378.575451      6245.117188     384.676381      0.050074        16.234730      
325             393.595398      6264.826477     384.703807      0.050075        16.284805      
326             390.217636      6284.365845     384.720709      0.050073        16.334878      
327             417.465444      6305.259155     384.820728      0.050048        16.384926      
328             389.247235      6324.747986     384.834213      0.050068        16.434994      
329             388.601668      6344.207214     384.845657      0.050075        16.485069      
330             373.718287      6362.920410     384.811960      0.050073        16.535142      
331             390.128177      6382.455688     384.828011      0.050074        16.585216      
332             382.755056      6401.621765     384.821771      0.050074        16.635290      
333             385.240011      6420.912659     384.823027      0.050075        16.685365      
334             385.733705      6440.229431     384.825752      0.050078        16.735443      
335             352.480039      6457.879517     384.729259      0.050074        16.785517      
336             362.761591      6476.045166     384.663918      0.050076        16.835593      
337             378.882613      6495.017334     384.646774      0.050074        16.885667      
338             383.608809      6514.226929     384.643705      0.050076        16.935743      
339             387.807393      6533.645996     384.653031      0.050074        16.985817      
340             385.196971      6552.935120     384.654630      0.050076        17.035893      
341             412.734477      6573.585876     384.736858      0.050034        17.085927      
342             403.948986      6593.814026     384.793001      0.050076        17.136003      
343             389.748700      6613.337708     384.807446      0.050093        17.186096      
344             383.931647      6632.562317     384.804902      0.050073        17.236169      
345             380.804234      6651.631470     384.793312      0.050076        17.286245      
346             381.425541      6670.730591     384.783585      0.050073        17.336318      
347             381.810409      6689.849365     384.775022      0.050074        17.386392      
348             399.438576      6709.852051     384.817135      0.050077        17.436469      
349             357.994502      6727.778625     384.740325      0.050075        17.486544      
350             345.474220      6745.078247     384.628203      0.050075        17.536619      
351             373.403087      6763.777527     384.596239      0.050078        17.586697      
352             383.772486      6782.994934     384.593900      0.050075        17.636772      
353             380.513215      6802.049133     384.582347      0.050075        17.686847      
354             381.500808      6821.152405     384.573648      0.050074        17.736921      
355             398.618457      6841.112427     384.613186      0.050073        17.786994      
356             416.121423      6861.949707     384.701641      0.050075        17.837069      
357             393.099316      6881.634155     384.725150      0.050075        17.887144      
358             382.089537      6900.766907     384.717792      0.050074        17.937218      
359             382.339411      6919.912170     384.711171      0.050074        17.987292      
360             384.203467      6939.150391     384.709762      0.050073        18.037365      
361             394.711887      6958.915588     384.737453      0.050075        18.087440      
362             391.353887      6978.512634     384.755720      0.050075        18.137515      
363             386.364642      6997.861389     384.760150      0.050079        18.187594      
364             352.973693      7015.536194     384.672876      0.050074        18.237668      
365             357.754384      7033.450745     384.599168      0.050075        18.287743      
366             385.558137      7052.757568     384.601787      0.050075        18.337818      
367             378.816541      7071.726807     384.586032      0.050075        18.387893      
368             383.083684      7090.893250     384.581955      0.050032        18.437925      
369             392.671491      7110.556274     384.603866      0.050075        18.488000      
370             418.274135      7131.501770     384.694818      0.050076        18.538076      
371             396.274467      7151.344421     384.726011      0.050073        18.588149      
372             382.368916      7170.492310     384.719678      0.050077        18.638226      
373             380.904767      7189.565735     384.709456      0.050074        18.688300      
374             389.181551      7209.053223     384.721407      0.050073        18.738373      
375             384.123018      7228.287415     384.719812      0.050073        18.788446      
376             383.520179      7247.492188     384.716623      0.050075        18.838521      
377             384.654583      7266.754150     384.716459      0.050076        18.888597      
378             356.685621      7284.615540     384.642342      0.050076        18.938673      
379             354.006588      7302.342773     384.561551      0.050076        18.988749      
380             393.846486      7322.064636     384.585972      0.050075        19.038824      
381             378.633958      7341.024353     384.570359      0.050074        19.088898      
382             385.857704      7360.327271     384.573724      0.050026        19.138924      
383             379.680042      7379.338989     384.560954      0.050073        19.188997      
384             406.733250      7399.706970     384.618666      0.050077        19.239074      
385             413.309479      7420.403442     384.693148      0.050075        19.289149      
386             385.627891      7439.719543     384.695569      0.050090        19.339239      
387             378.619806      7458.679688     384.679877      0.050077        19.389316      
388             384.365222      7477.926392     384.679066      0.050074        19.439390      
389             381.048597      7497.007019     384.669738      0.050074        19.489464      
390             390.862446      7516.578674     384.685608      0.050073        19.539537      
391             384.589014      7535.835815     384.685361      0.050072        19.589609      
392             384.545252      7555.091919     384.685004      0.050075        19.639684      
393             339.846675      7572.109741     384.570971      0.050075        19.689759      
394             369.704093      7590.623413     384.533256      0.050077        19.739836      
395             387.076022      7610.007019     384.539690      0.050077        19.789913      
396             390.793205      7629.575989     384.555474      0.050075        19.839988      
397             378.976468      7648.552856     384.541429      0.050074        19.890062      
398             396.782147      7668.421326     384.572168      0.050074        19.940136      
399             407.482433      7688.826416     384.629559      0.050076        19.990212      
400             401.642606      7708.937866     384.672068      0.050073        20.040285      
401             381.953925      7728.064209     384.665293      0.050075        20.090360      
402             377.906041      7746.987854     384.648487      0.050075        20.140435      
403             389.759599      7766.505066     384.661163      0.050075        20.190510      
404             379.222426      7785.494629     384.647708      0.050075        20.240585      
405             396.241575      7805.336426     384.676320      0.050075        20.290660      
406             386.150137      7824.674438     384.679949      0.050079        20.340739      
407             348.107847      7842.105591     384.590138      0.050074        20.390813      
408             350.609586      7859.674988     384.506835      0.050111        20.440924      
409             371.828732      7878.294312     384.475853      0.050075        20.490999      
410             381.260986      7898.472168     384.467571      0.052924        20.543923      
411             387.665572      7917.884521     384.475347      0.050075        20.593998      
412             391.898531      7937.508057     384.493352      0.050073        20.644071      
413             406.309517      7957.855225     384.546145      0.050078        20.694149      
414             404.013994      7978.083801     384.593133      0.050069        20.744218      
415             387.516869      7997.488708     384.600174      0.050075        20.794293      
416             384.085737      8016.721802     384.598938      0.050075        20.844368      
417             384.609369      8035.980347     384.598963      0.050073        20.894441      
418             388.220939      8055.420898     384.607623      0.050076        20.944517      
419             385.772222      8074.737671     384.610401      0.050073        20.994590      
420             405.070771      8095.022400     384.659087      0.050077        21.044667      
421             367.356657      8113.418152     384.618014      0.050076        21.094743      
422             337.871445      8130.337402     384.507307      0.050076        21.144819      
423             362.182878      8148.475159     384.454559      0.050079        21.194898      
424             388.466541      8167.909363     384.464006      0.050028        21.244926      
425             380.918806      8186.984253     384.455670      0.050076        21.295002      
426             387.650583      8206.395081     384.463164      0.050073        21.345075      
427             395.835098      8226.216919     384.489781      0.050076        21.395151      
428             414.634517      8246.985962     384.560190      0.050090        21.445241      
429             387.776920      8266.403503     384.567684      0.050074        21.495315      
430             386.421101      8285.753540     384.571992      0.050075        21.545390      
431             389.123346      8305.238892     384.582545      0.050075        21.595465      
432             388.501391      8324.692322     384.591611      0.050073        21.645538      
433             381.704365      8343.805786     384.584947      0.050074        21.695612      
434             398.597660      8363.765564     384.617215      0.050075        21.745687      
435             383.403012      8382.966003     384.614425      0.050079        21.795766      
436             346.132814      8400.298950     384.526216      0.050076        21.845842      
437             359.134716      8418.284058     384.468142      0.050079        21.895921      
438             382.856224      8437.455200     384.464464      0.050074        21.945995      
439             381.210111      8456.544678     384.457055      0.050076        21.996071      
440             392.225383      8476.185364     384.474700      0.050075        22.046146      
441             393.478930      8495.888428     384.495105      0.050074        22.096220      
442             412.553145      8516.547852     384.558550      0.050077        22.146297      
443             394.658908      8536.310791     384.581336      0.050076        22.196373      
444             384.448961      8555.562073     384.581038      0.050075        22.246448      
445             376.615253      8574.421082     384.563148      0.050075        22.296523      
446             383.524873      8593.624939     384.560822      0.050072        22.346595      
447             392.816006      8613.295593     384.579279      0.050076        22.396671      
448             379.687767      8632.308838     384.568367      0.050076        22.446747      
449             392.747379      8651.977234     384.586574      0.050079        22.496826      
450             354.553153      8669.730774     384.519875      0.050073        22.546899      
451             352.777572      8687.397522     384.449528      0.050079        22.596978      
452             387.527781      8706.804138     384.456335      0.050078        22.647056      
453             382.325681      8725.949097     384.451634      0.050075        22.697131      
454             388.904855      8745.422729     384.461437      0.050073        22.747204      
455             382.735223      8764.588196     384.457645      0.050075        22.797279      
456             413.247876      8785.282410     384.520748      0.050077        22.847356      
457             404.353644      8805.530823     384.564122      0.050076        22.897432      
458             377.405084      8824.429382     384.548499      0.050075        22.947507      
459             387.281583      8843.823669     384.554451      0.050078        22.997585      
460             384.004783      8863.051941     384.553257      0.050073        23.047658      
461             380.659191      8882.113831     384.544814      0.050076        23.097734      
462             389.787633      8901.632446     384.556156      0.050075        23.147809      
463             389.325384      8921.127136     384.566450      0.050073        23.197882      
464             379.939091      8940.140808     384.556489      0.050044        23.247926      
465             339.050074      8957.119080     384.458679      0.050076        23.298002      
466             353.113693      8974.802307     384.391449      0.050078        23.348080      
467             391.407730      8994.402832     384.406466      0.050077        23.398157      
468             384.014890      9013.631226     384.405629      0.050072        23.448229      
469             385.846576      9032.951721     384.408700      0.050073        23.498302      
470             388.339275      9052.397034     384.417058      0.050073        23.548375      
471             415.209637      9073.196960     384.482425      0.050095        23.598470      
472             398.246624      9093.139160     384.511570      0.050075        23.648545      
473             382.460977      9112.290894     384.507237      0.050075        23.698620      
474             394.367508      9132.038452     384.528027      0.050074        23.748694      
475             378.049632      9150.969666     384.514396      0.050076        23.798770      
476             382.603912      9170.128174     384.510384      0.050074        23.848844      
477             392.510074      9189.783508     384.527146      0.050076        23.898920      
478             395.305012      9209.580383     384.549684      0.050080        23.949000      
479             357.209547      9227.467651     384.492638      0.050075        23.999075      
480             357.673231      9245.379211     384.436791      0.050078        24.049153      
481             375.764669      9264.195251     384.418772      0.050074        24.099227      
482             384.353033      9283.441345     384.418636      0.050074        24.149301      
483             386.116780      9302.775757     384.422150      0.050074        24.199375      
484             384.860941      9322.047668     384.423056      0.050075        24.249450      
485             414.824562      9342.822083     384.485712      0.050080        24.299530      
486             401.584610      9362.931030     384.520875      0.050074        24.349604      
487             382.244017      9382.071899     384.516202      0.050075        24.399679      
488             386.015611      9401.401245     384.519273      0.050074        24.449753      
489             376.678843      9420.263062     384.503248      0.050074        24.499827      
490             387.902467      9439.686890     384.510182      0.050074        24.549901      
491             371.787067      9458.304871     384.484282      0.050077        24.599978      
492             409.896104      9478.831238     384.535906      0.050077        24.650055      
493             362.801745      9496.998535     384.491844      0.050075        24.700130      
494             346.155571      9514.332275     384.414282      0.050075        24.750205      
495             373.494788      9533.035400     384.392233      0.050076        24.800281      
496             391.406299      9552.635071     384.406367      0.050075        24.850356      
497             384.014179      9571.864197     384.405578      0.050074        24.900430      
498             381.280489      9590.956055     384.399307      0.050073        24.950503      
499             401.088344      9611.040955     384.432735      0.050076        25.000579      
500             421.649021      9632.155029     384.507128      0.050075        25.050654      
501             376.904340      9651.028137     384.491961      0.050074        25.100728      
502             386.193991      9670.367188     384.495350      0.050076        25.150804      
503             389.594584      9689.876526     384.505483      0.050076        25.200880      
504             377.368111      9708.761536     384.491337      0.050044        25.250924      
505             387.154899      9728.147156     384.496609      0.050072        25.300996      
506             395.919167      9747.972412     384.519171      0.050074        25.351070      
507             365.924519      9766.297180     384.482512      0.050078        25.401148      
508             358.525778      9784.250000     384.431443      0.050074        25.451222      
509             364.400908      9802.497375     384.392111      0.050075        25.501297      
510             393.820222      9822.217529     384.410587      0.050074        25.551371      
511             385.852278      9841.538696     384.413407      0.050074        25.601445      
512             386.338217      9860.884583     384.417164      0.050075        25.651520      
513             387.394982      9880.283386     384.422966      0.050075        25.701595      
514             417.498354      9901.199219     384.487312      0.050098        25.751693      
515             391.912453      9920.823059     384.501721      0.050072        25.801765      
516             371.549503      9939.428772     384.476633      0.050076        25.851841      
517             386.770507      9958.796692     384.481067      0.050076        25.901917      
518             385.807615      9978.116394     384.483627      0.050076        25.951993      
519             382.589613      9997.273804     384.479980      0.050073        26.002066      
520             388.482663      10016.726685    384.487673      0.050074        26.052140      
521             394.222000      10036.468140    384.506348      0.050077        26.102217      
522             337.181576      10053.352844    384.415732      0.050076        26.152293      
523             366.925170      10071.727356    384.382304      0.050077        26.202370      
524             382.685810      10090.891113    384.379068      0.050077        26.252447      
525             388.609305      10110.351501    384.387122      0.050077        26.302524      
526             389.312863      10130.362183    384.396729      0.051400        26.353924      
527             379.098101      10149.345520    384.386680      0.050075        26.403999      
528             411.105753      10169.931641    384.437257      0.050075        26.454074      
529             412.792388      10190.601807    384.490828      0.050074        26.504148      
530             373.314824      10209.294800    384.469753      0.050073        26.554221      
531             383.711193      10228.509521    384.468326      0.050076        26.604297      
532             383.231985      10247.699097    384.466003      0.050073        26.654370      
533             391.214715      10267.288391    384.478657      0.050073        26.704443      
534             377.283196      10286.180847    384.465190      0.050075        26.754518      
535             393.354872      10305.879272    384.481798      0.050078        26.804596      
536             371.268864      10324.472046    384.457159      0.050079        26.854675      
537             351.512233      10342.073669    384.395843      0.050074        26.904749      
538             369.836873      10360.594360    384.368795      0.050078        26.954827      
539             383.870862      10379.817078    384.367871      0.050076        27.004903      
540             390.152339      10399.354736    384.378578      0.050077        27.054980      
541             389.903426      10418.879150    384.388785      0.050075        27.105055      
542             398.246624      10438.821350    384.414339      0.050075        27.155130      
543             410.995485      10459.402771    384.463267      0.050077        27.205207      
544             382.824533      10478.572327    384.460257      0.050074        27.255281      
545             388.377838      10498.019958    384.467441      0.050074        27.305355      
546             380.650017      10517.080627    384.460453      0.050074        27.355429      
547             378.756816      10536.046875    384.450031      0.050075        27.405504      
548             388.259604      10555.488586    384.456979      0.050074        27.455578      
549             392.231997      10575.129211    384.471134      0.050074        27.505652      
550             383.939785      10594.357300    384.470168      0.050081        27.555733      
551             352.737226      10612.020264    384.412608      0.050074        27.605807      
552             348.592454      10629.476379    384.347749      0.050076        27.655883      
553             376.785762      10648.331116    384.334091      0.050041        27.705924      
554             388.127963      10667.766235    384.340935      0.050074        27.755998      
555             391.908988      10687.390686    384.354564      0.050074        27.806072      
556             383.623618      10706.607544    384.353250      0.050093        27.856165      
557             417.025222      10727.491333    384.411880      0.050078        27.906243      
558             408.273550      10747.934814    384.454619      0.050073        27.956316      
559             378.807757      10766.903992    384.444522      0.050076        28.006392      
560             383.167247      10786.091858    384.442242      0.050077        28.056469      
561             383.332814      10805.286865    384.440266      0.050074        28.106543      
562             387.589637      10824.694641    384.445867      0.050073        28.156616      
563             366.224345      10843.033325    384.413518      0.050075        28.206691      
564             410.622192      10863.595642    384.459965      0.050076        28.256767      
565             367.296955      10881.988037    384.429603      0.050075        28.306842      
566             342.108651      10899.119812    384.354866      0.050077        28.356919      
567             365.185864      10917.406494    384.321076      0.050075        28.406994      
568             384.286354      10936.648865    384.321015      0.050073        28.457067      
569             383.210924      10955.837769    384.319065      0.050074        28.507141      
570             394.662482      10975.600098    384.337202      0.050074        28.557215      
571             399.687334      10995.614441    384.364071      0.050075        28.607290      
572             406.225379      11015.956177    384.402271      0.050075        28.657365      
573             393.419880      11035.656677    384.418000      0.050075        28.707440      
574             387.648080      11055.068542    384.423625      0.050076        28.757516      
575             384.410321      11074.317505    384.423602      0.050074        28.807590      
576             388.003549      11093.747559    384.429814      0.050077        28.857667      
577             378.711967      11112.711182    384.419910      0.050074        28.907741      
578             391.323917      11132.306335    384.431848      0.050074        28.957815      
579             383.042590      11151.488342    384.429450      0.050078        29.007893      
580             348.745658      11168.937134    384.368008      0.050033        29.057926      
581             349.019031      11186.736755    384.306076      0.050999        29.108925      
582             376.015371      11205.566101    384.291838      0.050076        29.159001      
583             388.555024      11225.022217    384.299147      0.050073        29.209074      
584             389.766164      11244.539368    384.308503      0.050074        29.259148      
585             385.789724      11263.857788    384.311034      0.050075        29.309223      
586             414.297802      11284.605408    384.362183      0.050079        29.359302      
587             401.364506      11304.703735    384.391133      0.050075        29.409377      
588             383.154178      11323.890564    384.389030      0.050076        29.459453      
589             394.496711      11343.644592    384.406182      0.050074        29.509527      
590             383.270309      11362.836853    384.404257      0.050075        29.559602      
591             384.932010      11382.111938    384.405150      0.050074        29.609676      
592             379.292424      11401.104248    384.396518      0.050073        29.659749      
593             406.264421      11421.449158    384.433378      0.050078        29.709827      
594             371.648229      11440.059814    384.411865      0.050076        29.759903      
595             334.280768      11456.799927    384.327649      0.050078        29.809981      
596             362.941981      11474.974609    384.291785      0.050076        29.860057      
597             389.378847      11494.473145    384.300302      0.050076        29.910133      
598             376.307079      11513.316345    384.286943      0.050074        29.960207      
599             385.725861      11532.639282    384.289344      0.050095        30.010302      
600             408.880940      11553.113586    384.330309      0.050074        30.060376      
601             407.580334      11573.523987    384.368976      0.050077        30.110453      
602             399.636809      11593.535400    384.394324      0.050074        30.160527      
603             386.004279      11612.865723    384.396993      0.050078        30.210605      
604             384.972608      11632.142456    384.397946      0.050073        30.260678      
605             373.504830      11650.845337    384.379950      0.050074        30.310752      
606             394.736914      11670.612183    384.397032      0.050076        30.360828      
607             388.785718      11690.080627    384.404259      0.050075        30.410903      
608             379.612347      11709.091614    384.396381      0.050080        30.460983      
609             344.545438      11726.344727    384.330977      0.050075        30.511058      
610             371.989508      11744.972473    384.310755      0.050076        30.561134      
611             383.947139      11764.198242    384.310160      0.050074        30.611208      
612             386.070065      11783.530701    384.313034      0.050075        30.661283      
613             386.568178      11802.888489    384.316711      0.050076        30.711359      
614             387.822807      11822.308716    384.322419      0.050075        30.761434      
615             412.370587      11842.961060    384.368009      0.050082        30.811516      
616             395.813750      11862.781433    384.386580      0.050075        30.861591      
617             383.885830      11882.487061    384.385749      0.051332        30.912923      
618             381.187551      11901.574646    384.380577      0.050074        30.962997      
619             381.800346      11920.693298    384.376411      0.050075        31.013072      
620             391.823861      11940.314270    384.388416      0.050076        31.063148      
621             379.062754      11959.295837    384.379845      0.050075        31.113223      
622             390.875103      11978.869690    384.390282      0.050077        31.163300      
623             354.854908      11996.639404    384.342899      0.050076        31.213376      
624             356.480854      12014.490540    384.298271      0.050076        31.263452      
625             391.069889      12034.073364    384.309100      0.050075        31.313527      
626             384.837782      12053.344116    384.309944      0.050075        31.363602      
627             386.335364      12072.689087    384.313172      0.050073        31.413675      
628             376.934812      12091.563721    384.301430      0.050074        31.463749      
629             416.755448      12112.433167    384.353000      0.050076        31.513825      
630             406.018170      12132.764526    384.387371      0.050075        31.563900      
631             377.105807      12151.649231    384.375836      0.050078        31.613978      
632             383.590873      12170.857544    384.374595      0.050075        31.664053      
633             383.022330      12190.036621    384.372460      0.050073        31.714126      
634             386.729077      12209.401306    384.376175      0.050073        31.764199      
635             388.019481      12228.830994    384.381909      0.050074        31.814273      
636             392.353887      12248.477722    384.394437      0.050074        31.864347      
637             365.919626      12266.801147    384.365449      0.050075        31.914422      
638             342.820263      12283.967529    384.300367      0.050074        31.964496      
639             372.092992      12302.600830    384.281272      0.050077        32.014573      
640             377.468690      12321.502197    384.270633      0.050074        32.064647      
641             394.191986      12341.240967    384.286103      0.050074        32.114721      
642             390.129116      12360.784485    384.295203      0.050095        32.164816      
643             396.777882      12380.652344    384.314605      0.050073        32.214889      
644             406.352934      12400.984619    384.348782      0.050036        32.264925      
645             400.935798      12421.059875    384.374483      0.050071        32.314996      
646             377.555998      12439.966370    384.363933      0.050076        32.365072      
647             380.021617      12458.994812    384.357225      0.050072        32.415144      
648             386.605965      12478.353333    384.360694      0.050073        32.465217      
649             387.728594      12497.768066    384.365880      0.050073        32.515290      
650             382.990303      12516.945923    384.363765      0.050074        32.565364      
651             388.163557      12536.384766    384.369600      0.050079        32.615443      
652             349.523322      12553.887146    384.316182      0.050075        32.665518      
653             352.017991      12571.515503    384.266742      0.050078        32.715596      
654             381.857946      12590.636658    384.263061      0.050074        32.765670      
655             390.497752      12610.191223    384.272575      0.050076        32.815746      
656             388.591592      12629.649170    384.279155      0.050073        32.865819      
657             380.248719      12648.690125    384.273024      0.050075        32.915894      
658             410.959479      12669.250427    384.313524      0.050030        32.965924      
659             415.147301      12690.038513    384.360288      0.050074        33.015998      
660             384.726125      12709.304443    384.360842      0.050077        33.066075      
661             380.596098      12728.362793    384.355150      0.050075        33.116150      
662             378.734876      12747.327942    384.346664      0.050075        33.166225      
663             384.787332      12766.595398    384.347328      0.050073        33.216298      
664             384.643981      12785.856445    384.347775      0.050075        33.266373      
665             393.097168      12805.542358    384.360926      0.050079        33.316452      
666             364.576524      12823.799622    384.331233      0.050078        33.366530      
667             347.190475      12841.184143    384.275581      0.050072        33.416602      
668             369.913879      12859.707581    384.254092      0.050075        33.466677      
669             389.421983      12880.053711    384.262147      0.052247        33.518924      
670             382.499412      12899.206604    384.259518      0.050073        33.568997      
671             388.238104      12918.646851    384.265444      0.050073        33.619070      
672             407.084685      12939.031616    384.299382      0.050075        33.669145      
673             415.912769      12959.858032    384.346329      0.050074        33.719219      
674             389.819795      12979.377869    384.354445      0.050074        33.769293      
675             372.444139      12998.028381    384.336810      0.050076        33.819369      
676             383.934242      13017.254272    384.336214      0.050076        33.869445      
677             387.912218      13036.678589    384.341493      0.050074        33.919519      
678             385.380564      13055.976135    384.343025      0.050074        33.969593      
679             389.843701      13075.497559    384.351122      0.050075        34.019668      
680             379.966609      13094.525146    384.344677      0.050077        34.069745      
681             345.979239      13111.850403    384.288370      0.050076        34.119821      
682             360.220407      13129.889160    384.253098      0.050077        34.169898      
683             381.170523      13148.958740    384.248591      0.050029        34.219927      
684             390.149781      13168.501343    384.257217      0.050090        34.270017      
685             383.216679      13187.690918    384.255698      0.050075        34.320092      
686             391.270003      13207.284546    384.265918      0.050077        34.370169      
687             416.927924      13228.163879    384.313439      0.050079        34.420248      
688             397.608596      13248.072937    384.332752      0.050072        34.470320      
689             381.071788      13267.156250    384.328021      0.050078        34.520398      
690             384.209921      13286.394409    384.327850      0.050072        34.570470      
691             380.972101      13305.470825    384.322996      0.050073        34.620543      
692             394.282185      13325.214111    384.337380      0.050074        34.670617      
693             382.668185      13344.376221    384.334973      0.050075        34.720692      
694             390.781491      13363.946167    384.344258      0.050079        34.770771      
695             350.196461      13381.482605    384.295150      0.050076        34.820847      
696             356.934822      13399.357544    384.255857      0.050079        34.870926      
697             369.299505      13417.850586    384.234410      0.050076        34.921002      
698             381.403909      13436.949768    384.230357      0.050076        34.971078      
699             384.531479      13456.205566    384.230787      0.050076        35.021154      
700             359.280000      13474.195435    384.195164      0.050072        35.071226      
701             440.370938      13496.247009    384.275258      0.050075        35.121301      
702             403.762502      13516.465820    384.303004      0.050076        35.171377      
703             398.804301      13536.435547    384.323620      0.050074        35.221451      
704             377.696166      13555.349060    384.314211      0.050076        35.271527      
705             393.249237      13575.041016    384.326878      0.050075        35.321602      
706             383.561967      13594.247498    384.325795      0.050074        35.371676      
707             384.251005      13613.488098    384.325689      0.050073        35.421749      
708             388.112024      13632.923584    384.331035      0.050077        35.471826      
709             370.874259      13651.495483    384.312064      0.050076        35.521902      
710             351.840977      13669.114624    384.266353      0.050077        35.571979      
711             361.357572      13687.210327    384.234148      0.050077        35.622056      
712             384.659940      13706.473328    384.234745      0.050078        35.672134      
713             384.975515      13725.750977    384.235784      0.050075        35.722209      
714             391.668559      13745.364563    384.246189      0.050077        35.772286      
715             388.711367      13764.829285    384.252431      0.050075        35.822361      
716             418.201727      13785.772827    384.299826      0.050080        35.872441      
717             397.601247      13805.682312    384.318367      0.050074        35.922515      
718             376.558565      13824.539612    384.307565      0.050078        35.972593      
719             388.859617      13844.012146    384.313893      0.050076        36.022669      
720             384.234439      13863.252686    384.313782      0.050075        36.072744      
721             382.081906      13882.385437    384.310688      0.050075        36.122819      
722             311.285631      13897.983337    384.209532      0.050108        36.172927      
723             86.212919       13902.303467    383.797291      0.050110        36.223037      
